frameTimes,val
0.0,2
0.05,2
0.1,2
0.15,2
0.2,2
0.25,2
0.3,2
0.35,2
0.4,2
0.45,2
0.5,2
0.55,2
0.6,2
0.65,2
0.7,2
0.75,2
0.8,2
0.85,2
0.9,2
0.95,2
1.0,2
1.05,2
1.1,2
1.15,2
1.2,2
1.25,2
1.3,2
1.35,2
1.4,2
1.45,2
1.5,2
1.55,2
1.6,2
1.65,2
1.7,2
1.75,2
1.8,2
1.85,2
1.9,2
1.95,2
2.0,2
2.05,2
2.1,2
2.15,2
2.2,2
2.25,2
2.3,2
2.35,2
2.4,2
2.45,2
2.5,2
2.55,2
2.6,2
2.65,2
2.7,2
2.75,2
2.8,2
2.85,2
2.9,2
2.95,2
3.0,2
3.05,2
3.1,2
3.15,2
3.2,2
3.25,2
3.3,2
3.35,2
3.4,2
3.45,2
3.5,2
3.55,2
3.6,2
3.65,2
3.7,2
3.75,2
3.8,2
3.85,2
3.9,2
3.95,2
4.0,2
4.05,2
4.1,2
4.15,2
4.2,2
4.25,2
4.3,2
4.35,2
4.4,2
4.45,2
4.5,2
4.55,2
4.6,2
4.65,2
4.7,2
4.75,2
4.8,2
4.85,2
4.9,2
4.95,2
5.0,2
5.05,2
5.1,2
5.15,2
5.2,2
5.25,2
5.3,2
5.35,2
5.4,2
5.45,2
5.5,2
5.55,2
5.6,2
5.65,2
5.7,2
5.75,2
5.8,2
5.85,2
5.9,2
5.95,2
6.0,2
6.05,2
6.1,2
6.15,2
6.2,2
6.25,2
6.3,2
6.35,2
6.4,2
6.45,2
6.5,2
6.55,2
6.6,2
6.65,2
6.7,2
6.75,2
6.8,2
6.85,2
6.9,2
6.95,2
7.0,2
7.05,2
7.1,2
7.15,2
7.2,2
7.25,2
7.3,2
7.35,2
7.4,2
7.45,2
7.5,2
7.55,2
7.6,2
7.65,2
7.7,2
7.75,0
7.8,0
7.85,0
7.9,0
7.95,0
8.0,0
8.05,0
8.1,0
8.15,0
8.2,0
8.25,0
8.3,0
8.35,0
8.4,0
8.45,0
8.5,0
8.55,0
8.6,0
8.65,0
8.7,0
8.75,0
8.8,0
8.85,0
8.9,0
8.95,0
9.0,0
9.05,0
9.1,0
9.15,0
9.2,0
9.25,0
9.3,0
9.35,0
9.4,0
9.45,0
9.5,0
9.55,0
9.6,0
9.65,2
9.7,2
9.75,2
9.8,2
9.85,2
9.9,2
9.95,2
10.0,2
10.05,2
10.1,2
10.15,2
10.2,2
10.25,2
10.3,2
10.35,2
10.4,2
10.45,2
10.5,2
10.55,2
10.6,2
10.65,2
10.7,2
10.75,2
10.8,2
10.85,2
10.9,0
10.95,0
11.0,0
11.05,0
11.1,0
11.15,0
11.2,0
11.25,0
11.3,0
11.35,0
11.4,0
11.45,0
11.5,0
11.55,0
11.6,0
11.65,0
11.7,0
11.75,0
11.8,0
11.85,0
11.9,0
11.95,0
12.0,0
12.05,0
12.1,0
12.15,0
12.2,0
12.25,0
12.3,0
12.35,0
12.4,0
12.45,0
12.5,0
12.55,0
12.6,0
12.65,0
12.7,0
12.75,0
12.8,0
12.85,0
12.9,2
12.95,2
13.0,2
13.05,2
13.1,2
13.15,2
13.2,2
13.25,2
13.3,2
13.35,2
13.4,2
13.45,2
13.5,2
13.55,2
13.6,2
13.65,2
13.7,2
13.75,2
13.8,2
13.85,2
13.9,2
13.95,2
14.0,2
14.05,2
14.1,2
14.15,2
14.2,2
14.25,2
14.3,2
14.35,2
14.4,2
14.45,2
14.5,2
14.55,2
14.6,2
14.65,2
14.7,2
14.75,2
14.8,2
14.85,2
14.9,2
14.95,2
15.0,2
15.05,2
15.1,2
15.15,2
15.2,2
15.25,2
15.3,2
15.35,2
15.4,2
15.45,2
15.5,2
15.55,2
15.6,2
15.65,2
15.7,2
15.75,2
15.8,2
15.85,2
15.9,2
15.95,2
16.0,2
16.05,2
16.1,2
16.15,2
16.2,2
16.25,2
16.3,2
16.35,2
16.4,2
16.45,2
16.5,2
16.55,2
16.6,2
16.65,2
16.7,2
16.75,2
16.8,2
16.85,2
16.9,2
16.95,2
17.0,2
17.05,2
17.1,2
17.15,2
17.2,2
17.25,2
17.3,2
17.35,2
17.4,2
17.45,2
17.5,2
17.55,2
17.6,2
17.65,2
17.7,2
17.75,2
17.8,2
17.85,2
17.9,2
17.95,2
18.0,2
18.05,2
18.1,2
18.15,2
18.2,2
18.25,2
18.3,2
18.35,2
18.4,2
18.45,2
18.5,2
18.55,2
18.6,2
18.65,2
18.7,2
18.75,2
18.8,2
18.85,2
18.9,2
18.95,2
19.0,0
19.05,0
19.1,0
19.15,0
19.2,0
19.25,0
19.3,0
19.35,0
19.4,0
19.45,0
19.5,0
19.55,0
19.6,0
19.65,0
19.7,0
19.75,0
19.8,0
19.85,0
19.9,0
19.95,2
20.0,2
20.05,2
20.1,2
20.15,2
20.2,2
20.25,2
20.3,2
20.35,2
20.4,2
20.45,2
20.5,2
20.55,2
20.6,2
20.65,2
20.7,2
20.75,2
20.8,2
20.85,2
20.9,2
20.95,2
21.0,2
21.05,2
21.1,2
21.15,2
21.2,2
21.25,2
21.3,2
21.35,2
21.4,2
21.45,2
21.5,2
21.55,2
21.6,2
21.65,2
21.7,0
21.75,0
21.8,0
21.85,0
21.9,0
21.95,0
22.0,0
22.05,0
22.1,0
22.15,0
22.2,0
22.25,0
22.3,0
22.35,0
22.4,0
22.45,0
22.5,0
22.55,0
22.6,0
22.65,0
22.7,0
22.75,0
22.8,2
22.85,2
22.9,2
22.95,2
23.0,2
23.05,2
23.1,2
23.15,2
23.2,2
23.25,2
23.3,2
23.35,2
23.4,2
23.45,2
23.5,2
23.55,2
23.6,2
23.65,2
23.7,2
23.75,2
23.8,2
23.85,2
23.9,2
23.95,2
24.0,2
24.05,2
24.1,2
24.15,2
24.2,2
24.25,2
24.3,2
24.35,2
24.4,2
24.45,2
24.5,2
24.55,2
24.6,2
24.65,2
24.7,2
24.75,2
24.8,2
24.85,2
24.9,2
24.95,2
25.0,2
25.05,2
25.1,2
25.15,2
25.2,2
25.25,2
25.3,2
25.35,2
25.4,2
25.45,2
25.5,2
25.55,2
25.6,2
25.65,2
25.7,2
25.75,2
25.8,2
25.85,2
25.9,2
25.95,2
26.0,2
26.05,2
26.1,0
26.15,0
26.2,0
26.25,0
26.3,0
26.35,0
26.4,0
26.45,0
26.5,0
26.55,0
26.6,0
26.65,0
26.7,0
26.75,0
26.8,0
26.85,0
26.9,0
26.95,0
27.0,0
27.05,0
27.1,0
27.15,0
27.2,0
27.25,0
27.3,0
27.35,0
27.4,0
27.45,0
27.5,0
27.55,0
27.6,2
27.65,2
27.7,2
27.75,2
27.8,2
27.85,2
27.9,2
27.95,2
28.0,0
28.05,0
28.1,0
28.15,0
28.2,0
28.25,0
28.3,0
28.35,0
28.4,0
28.45,0
28.5,0
28.55,0
28.6,0
28.65,0
28.7,0
28.75,0
28.8,0
28.85,0
28.9,0
28.95,0
29.0,0
29.05,0
29.1,0
29.15,0
29.2,0
29.25,0
29.3,0
29.35,0
29.4,0
29.45,0
29.5,0
29.55,2
29.6,2
29.65,2
29.7,2
29.75,2
29.8,2
29.85,2
29.9,2
29.95,2
30.0,2
30.05,2
30.1,2
30.15,2
30.2,2
30.25,2
30.3,2
30.35,2
30.4,2
30.45,2
30.5,2
30.55,2
30.6,2
30.65,2
30.7,2
30.75,2
30.8,2
30.85,2
30.9,2
30.95,2
31.0,2
31.05,0
31.1,0
31.15,0
31.2,0
31.25,0
31.3,0
31.35,0
31.4,0
31.45,0
31.5,0
31.55,0
31.6,0
31.65,0
31.7,2
31.75,2
31.8,2
31.85,2
31.9,2
31.95,2
32.0,2
32.05,2
32.1,2
32.15,2
32.2,2
32.25,2
32.3,2
32.35,2
32.4,2
32.45,2
32.5,2
32.55,2
32.6,2
32.65,2
32.7,2
32.75,2
32.8,2
32.85,2
32.9,2
32.95,2
33.0,2
33.05,2
33.1,2
33.15,2
33.2,2
33.25,2
33.3,2
33.35,2
33.4,2
33.45,2
33.5,2
33.55,2
33.6,2
33.65,2
33.7,2
33.75,2
33.8,2
33.85,2
33.9,2
33.95,2
34.0,2
34.05,2
34.1,0
34.15,0
34.2,0
34.25,0
34.3,0
34.35,0
34.4,2
34.45,2
34.5,2
34.55,2
34.6,2
34.65,2
34.7,2
34.75,2
34.8,2
34.85,2
34.9,2
34.95,2
35.0,2
35.05,0
35.1,0
35.15,0
35.2,0
35.25,0
35.3,0
35.35,0
35.4,0
35.45,0
35.5,0
35.55,0
35.6,0
35.65,0
35.7,0
35.75,0
35.8,0
35.85,0
35.9,0
35.95,0
36.0,0
36.05,0
36.1,0
36.15,0
36.2,0
36.25,0
36.3,0
36.35,2
36.4,2
36.45,2
36.5,2
36.55,2
36.6,2
36.65,2
36.7,2
36.75,2
36.8,2
36.85,2
36.9,2
36.95,2
37.0,2
37.05,2
37.1,2
37.15,2
37.2,2
37.25,2
37.3,2
37.35,2
37.4,2
37.45,2
37.5,2
37.55,2
37.6,2
37.65,2
37.7,2
37.75,2
37.8,2
37.85,2
37.9,2
37.95,2
38.0,2
38.05,2
38.1,2
38.15,2
38.2,2
38.25,2
38.3,2
38.35,2
38.4,2
38.45,2
38.5,2
38.55,2
38.6,2
38.65,2
38.7,2
38.75,2
38.8,2
38.85,2
38.9,2
38.95,2
39.0,2
39.05,2
39.1,2
39.15,0
39.2,0
39.25,0
39.3,0
39.35,0
39.4,0
39.45,0
39.5,0
39.55,0
39.6,0
39.65,0
39.7,0
39.75,0
39.8,0
39.85,0
39.9,0
39.95,0
40.0,0
40.05,0
40.1,0
40.15,0
40.2,0
40.25,0
40.3,0
40.35,0
40.4,0
40.45,0
40.5,0
40.55,0
40.6,0
40.65,0
40.7,0
40.75,0
40.8,0
40.85,0
40.9,0
40.95,0
41.0,0
41.05,0
41.1,0
41.15,0
41.2,0
41.25,0
41.3,0
41.35,0
41.4,0
41.45,0
41.5,0
41.55,0
41.6,0
41.65,0
41.7,0
41.75,0
41.8,0
41.85,0
41.9,0
41.95,0
42.0,0
42.05,0
42.1,0
42.15,0
42.2,0
42.25,1
42.3,1
42.35,1
42.4,1
42.45,1
42.5,1
42.55,1
42.6,1
42.65,1
42.7,0
42.75,0
42.8,0
42.85,0
42.9,0
42.95,0
43.0,0
43.05,0
43.1,0
43.15,0
43.2,0
43.25,0
43.3,0
43.35,0
43.4,0
43.45,0
43.5,0
43.55,0
43.6,0
43.65,0
43.7,0
43.75,0
43.8,0
43.85,0
43.9,0
43.95,0
44.0,0
44.05,0
44.1,0
44.15,0
44.2,0
44.25,0
44.3,0
44.35,0
44.4,0
44.45,0
44.5,0
44.55,0
44.6,0
44.65,0
44.7,0
44.75,0
44.8,0
44.85,0
44.9,0
44.95,0
45.0,0
45.05,0
45.1,0
45.15,0
45.2,0
45.25,0
45.3,0
45.35,0
45.4,0
45.45,0
45.5,1
45.55,1
45.6,1
45.65,1
45.7,1
45.75,1
45.8,1
45.85,1
45.9,1
45.95,1
46.0,0
46.05,0
46.1,0
46.15,0
46.2,0
46.25,0
46.3,0
46.35,0
46.4,0
46.45,0
46.5,0
46.55,0
46.6,0
46.65,0
46.7,0
46.75,0
46.8,0
46.85,0
46.9,0
46.95,0
47.0,0
47.05,0
47.1,0
47.15,0
47.2,0
47.25,0
47.3,0
47.35,0
47.4,0
47.45,0
47.5,0
47.55,0
47.6,0
47.65,0
47.7,0
47.75,0
47.8,0
47.85,0
47.9,0
47.95,0
48.0,0
48.05,0
48.1,0
48.15,0
48.2,0
48.25,0
48.3,0
48.35,0
48.4,0
48.45,0
48.5,0
48.55,0
48.6,0
48.65,0
48.7,0
48.75,0
48.8,0
48.85,0
48.9,0
48.95,0
49.0,0
49.05,0
49.1,0
49.15,1
49.2,1
49.25,1
49.3,1
49.35,1
49.4,1
49.45,1
49.5,1
49.55,1
49.6,1
49.65,1
49.7,0
49.75,0
49.8,0
49.85,0
49.9,0
49.95,0
50.0,0
50.05,0
50.1,0
50.15,0
50.2,0
50.25,0
50.3,0
50.35,0
50.4,0
50.45,0
50.5,0
50.55,0
50.6,0
50.65,0
50.7,0
50.75,0
50.8,0
50.85,0
50.9,0
50.95,0
51.0,0
51.05,0
51.1,0
51.15,0
51.2,0
51.25,0
51.3,0
51.35,0
51.4,0
51.45,0
51.5,0
51.55,0
51.6,0
51.65,0
51.7,0
51.75,0
51.8,0
51.85,0
51.9,0
51.95,0
52.0,0
52.05,0
52.1,0
52.15,0
52.2,0
52.25,0
52.3,0
52.35,1
52.4,1
52.45,1
52.5,1
52.55,1
52.6,1
52.65,1
52.7,1
52.75,0
52.8,0
52.85,0
52.9,0
52.95,0
53.0,0
53.05,0
53.1,0
53.15,0
53.2,0
53.25,0
53.3,0
53.35,0
53.4,0
53.45,0
53.5,0
53.55,0
53.6,0
53.65,0
53.7,0
53.75,0
53.8,0
53.85,0
53.9,0
53.95,0
54.0,0
54.05,0
54.1,0
54.15,0
54.2,0
54.25,0
54.3,0
54.35,0
54.4,0
54.45,0
54.5,0
54.55,0
54.6,0
54.65,0
54.7,0
54.75,0
54.8,0
54.85,0
54.9,0
54.95,0
55.0,0
55.05,0
55.1,0
55.15,0
55.2,0
55.25,0
55.3,0
55.35,0
55.4,0
55.45,0
55.5,0
55.55,0
55.6,0
55.65,0
55.7,0
55.75,0
55.8,0
55.85,0
55.9,0
55.95,0
56.0,0
56.05,0
56.1,0
56.15,0
56.2,0
56.25,0
56.3,0
56.35,0
56.4,0
56.45,0
56.5,0
56.55,0
56.6,0
56.65,0
56.7,0
56.75,0
56.8,0
56.85,0
56.9,0
56.95,0
57.0,0
57.05,0
57.1,0
57.15,0
57.2,0
57.25,0
57.3,0
57.35,0
57.4,0
57.45,0
57.5,0
57.55,0
57.6,0
57.65,0
57.7,0
57.75,0
57.8,0
57.85,0
57.9,0
57.95,0
58.0,0
58.05,0
58.1,0
58.15,0
58.2,0
58.25,0
58.3,0
58.35,0
58.4,0
58.45,0
58.5,0
58.55,0
58.6,0
58.65,0
58.7,0
58.75,0
58.8,0
58.85,0
58.9,0
58.95,0
59.0,0
59.05,0
59.1,0
59.15,0
59.2,0
59.25,0
59.3,0
59.35,0
59.4,0
59.45,0
59.5,0
59.55,0
59.6,0
59.65,0
59.7,0
59.75,0
59.8,0
59.85,0
59.9,2
59.95,2
60.0,2
60.05,2
60.1,2
60.15,2
60.2,2
60.25,2
60.3,2
60.35,2
60.4,2
60.45,2
60.5,2
60.55,2
60.6,2
60.65,2
60.7,2
60.75,2
60.8,2
60.85,2
60.9,2
60.95,2
61.0,2
61.05,2
61.1,2
61.15,2
61.2,2
61.25,2
61.3,2
61.35,2
61.4,2
61.45,2
61.5,2
61.55,2
61.6,2
61.65,2
61.7,2
61.75,2
61.8,2
61.85,2
61.9,2
61.95,2
62.0,2
62.05,2
62.1,0
62.15,0
62.2,0
62.25,0
62.3,0
62.35,0
62.4,0
62.45,0
62.5,0
62.55,0
62.6,0
62.65,0
62.7,0
62.75,2
62.8,2
62.85,2
62.9,2
62.95,2
63.0,2
63.05,2
63.1,2
63.15,2
63.2,0
63.25,0
63.3,0
63.35,0
63.4,0
63.45,0
63.5,0
63.55,0
63.6,0
63.65,0
63.7,0
63.75,0
63.8,0
63.85,0
63.9,2
63.95,2
64.0,2
64.05,2
64.1,2
64.15,2
64.2,2
64.25,2
64.3,2
64.35,2
64.4,2
64.45,2
64.5,2
64.55,2
64.6,2
64.65,2
64.7,2
64.75,2
64.8,2
64.85,2
64.9,2
64.95,2
65.0,2
65.05,2
65.1,2
65.15,2
65.2,2
65.25,2
65.3,2
65.35,2
65.4,2
65.45,0
65.5,0
65.55,0
65.6,0
65.65,0
65.7,0
65.75,0
65.8,0
65.85,0
65.9,0
65.95,0
66.0,0
66.05,0
66.1,0
66.15,0
66.2,0
66.25,0
66.3,0
66.35,0
66.4,0
66.45,0
66.5,0
66.55,0
66.6,0
66.65,0
66.7,0
66.75,0
66.8,0
66.85,0
66.9,0
66.95,0
67.0,0
67.05,0
67.1,0
67.15,0
67.2,0
67.25,0
67.3,0
67.35,0
67.4,0
67.45,0
67.5,0
67.55,0
67.6,0
67.65,0
67.7,0
67.75,0
67.8,0
67.85,0
67.9,0
67.95,0
68.0,0
68.05,0
68.1,0
68.15,0
68.2,0
68.25,0
68.3,0
68.35,0
68.4,0
68.45,0
68.5,0
68.55,0
68.6,0
68.65,0
68.7,0
68.75,0
68.8,0
68.85,0
68.9,0
68.95,0
69.0,0
69.05,0
69.1,0
69.15,0
69.2,0
69.25,0
69.3,0
69.35,0
69.4,0
69.45,0
69.5,0
69.55,0
69.6,0
69.65,0
69.7,0
69.75,0
69.8,0
69.85,0
69.9,0
69.95,0
70.0,0
70.05,0
70.1,0
70.15,0
70.2,0
70.25,0
70.3,0
70.35,0
70.4,0
70.45,0
70.5,0
70.55,0
70.6,0
70.65,0
70.7,0
70.75,0
70.8,0
70.85,0
70.9,0
70.95,0
71.0,0
71.05,0
71.1,0
71.15,0
71.2,0
71.25,0
71.3,0
71.35,0
71.4,0
71.45,0
71.5,0
71.55,0
71.6,0
71.65,0
71.7,0
71.75,0
71.8,0
71.85,0
71.9,0
71.95,0
72.0,0
72.05,0
72.1,0
72.15,0
72.2,0
72.25,0
72.3,0
72.35,0
72.4,0
72.45,0
72.5,0
72.55,0
72.6,0
72.65,0
72.7,0
72.75,0
72.8,0
72.85,0
72.9,0
72.95,0
73.0,0
73.05,2
73.1,2
73.15,2
73.2,2
73.25,2
73.3,2
73.35,2
73.4,2
73.45,2
73.5,2
73.55,2
73.6,2
73.65,2
73.7,2
73.75,2
73.8,2
73.85,2
73.9,2
73.95,2
74.0,2
74.05,2
74.1,2
74.15,2
74.2,2
74.25,0
74.3,0
74.35,0
74.4,0
74.45,0
74.5,0
74.55,0
74.6,0
74.65,0
74.7,0
74.75,0
74.8,0
74.85,0
74.9,0
74.95,0
75.0,0
75.05,0
75.1,0
75.15,0
75.2,0
75.25,0
75.3,0
75.35,0
75.4,0
75.45,0
75.5,0
75.55,0
75.6,0
75.65,0
75.7,0
75.75,0
75.8,0
75.85,0
75.9,0
75.95,0
76.0,0
76.05,0
76.1,0
76.15,0
76.2,0
76.25,0
76.3,0
76.35,0
76.4,0
76.45,0
76.5,0
76.55,0
76.6,0
76.65,0
76.7,0
76.75,0
76.8,0
76.85,0
76.9,0
76.95,0
77.0,0
77.05,0
77.1,0
77.15,0
77.2,0
77.25,0
77.3,0
77.35,0
77.4,0
77.45,0
77.5,0
77.55,0
77.6,0
77.65,0
77.7,0
77.75,0
77.8,2
77.85,2
77.9,2
77.95,2
78.0,2
78.05,2
78.1,2
78.15,2
78.2,2
78.25,2
78.3,2
78.35,2
78.4,2
78.45,2
78.5,2
78.55,2
78.6,2
78.65,2
78.7,2
78.75,2
78.8,2
78.85,2
78.9,2
78.95,2
79.0,0
79.05,0
79.1,0
79.15,0
79.2,0
79.25,0
79.3,0
79.35,0
79.4,0
79.45,0
79.5,0
79.55,0
79.6,0
79.65,0
79.7,0
79.75,0
79.8,0
79.85,0
79.9,0
79.95,0
80.0,0
80.05,0
80.1,0
80.15,0
80.2,0
80.25,0
80.3,0
80.35,0
80.4,0
80.45,0
80.5,0
80.55,0
80.6,0
80.65,0
80.7,0
80.75,0
80.8,0
80.85,0
80.9,0
80.95,0
81.0,0
81.05,0
81.1,0
81.15,0
81.2,0
81.25,0
81.3,0
81.35,0
81.4,0
81.45,0
81.5,0
81.55,0
81.6,0
81.65,0
81.7,0
81.75,0
81.8,0
81.85,0
81.9,0
81.95,0
82.0,0
82.05,0
82.1,0
82.15,0
82.2,0
82.25,0
82.3,0
82.35,0
82.4,0
82.45,0
82.5,0
82.55,0
82.6,0
82.65,0
82.7,0
82.75,0
82.8,0
82.85,0
82.9,0
82.95,0
83.0,0
83.05,0
83.1,0
83.15,0
83.2,0
83.25,0
83.3,0
83.35,0
83.4,2
83.45,2
83.5,2
83.55,2
83.6,2
83.65,2
83.7,2
83.75,2
83.8,2
83.85,2
83.9,2
83.95,2
84.0,2
84.05,2
84.1,2
84.15,2
84.2,2
84.25,2
84.3,2
84.35,2
84.4,2
84.45,2
84.5,2
84.55,2
84.6,2
84.65,2
84.7,2
84.75,2
84.8,2
84.85,2
84.9,2
84.95,2
85.0,2
85.05,2
85.1,2
85.15,2
85.2,0
85.25,0
85.3,0
85.35,0
85.4,0
85.45,0
85.5,0
85.55,0
85.6,0
85.65,0
85.7,0
85.75,0
85.8,0
85.85,0
85.9,0
85.95,0
86.0,0
86.05,0
86.1,0
86.15,0
86.2,0
86.25,0
86.3,0
86.35,0
86.4,0
86.45,0
86.5,0
86.55,0
86.6,0
86.65,0
86.7,0
86.75,0
86.8,0
86.85,0
86.9,0
86.95,0
87.0,0
87.05,0
87.1,0
87.15,0
87.2,0
87.25,0
87.3,0
87.35,0
87.4,0
87.45,0
87.5,0
87.55,0
87.6,0
87.65,0
87.7,0
87.75,0
87.8,0
87.85,0
87.9,0
87.95,0
88.0,0
88.05,0
88.1,0
88.15,0
88.2,0
88.25,0
88.3,0
88.35,0
88.4,0
88.45,0
88.5,0
88.55,0
88.6,0
88.65,0
88.7,0
88.75,0
88.8,0
88.85,0
88.9,0
88.95,0
89.0,0
89.05,0
89.1,0
89.15,0
89.2,0
89.25,0
89.3,0
89.35,0
89.4,2
89.45,2
89.5,2
89.55,2
89.6,2
89.65,2
89.7,2
89.75,2
89.8,2
89.85,2
89.9,2
89.95,2
90.0,2
90.05,2
90.1,2
90.15,2
90.2,2
90.25,2
90.3,2
90.35,2
90.4,2
90.45,2
90.5,2
90.55,2
90.6,2
90.65,2
90.7,2
90.75,2
90.8,0
90.85,0
90.9,0
90.95,0
91.0,0
91.05,0
91.1,0
91.15,0
91.2,0
91.25,0
91.3,0
91.35,0
91.4,0
91.45,0
91.5,0
91.55,0
91.6,0
91.65,0
91.7,0
91.75,0
91.8,0
91.85,0
91.9,0
91.95,0
92.0,0
92.05,0
92.1,0
92.15,0
92.2,0
92.25,0
92.3,0
92.35,0
92.4,0
92.45,0
92.5,0
92.55,0
92.6,0
92.65,0
92.7,0
92.75,0
92.8,0
92.85,0
92.9,0
92.95,0
93.0,0
93.05,0
93.1,0
93.15,0
93.2,0
93.25,0
93.3,2
93.35,2
93.4,2
93.45,2
93.5,2
93.55,2
93.6,2
93.65,2
93.7,2
93.75,2
93.8,2
93.85,2
93.9,2
93.95,2
94.0,2
94.05,2
94.1,2
94.15,2
94.2,2
94.25,2
94.3,2
94.35,2
94.4,2
94.45,2
94.5,2
94.55,2
94.6,2
94.65,2
94.7,2
94.75,2
94.8,2
94.85,2
94.9,2
94.95,2
95.0,2
95.05,2
95.1,2
95.15,2
95.2,2
95.25,2
95.3,2
95.35,2
95.4,2
95.45,2
95.5,2
95.55,2
95.6,2
95.65,2
95.7,2
95.75,2
95.8,2
95.85,2
95.9,2
95.95,2
96.0,2
96.05,2
96.1,2
96.15,2
96.2,2
96.25,2
96.3,2
96.35,2
96.4,2
96.45,2
96.5,2
96.55,2
96.6,2
96.65,2
96.7,2
96.75,2
96.8,2
96.85,2
96.9,2
96.95,2
97.0,2
97.05,2
97.1,2
97.15,2
97.2,2
97.25,2
97.3,2
97.35,2
97.4,2
97.45,2
97.5,2
97.55,2
97.6,2
97.65,2
97.7,2
97.75,2
97.8,2
97.85,2
97.9,2
97.95,2
98.0,2
98.05,2
98.1,2
98.15,2
98.2,2
98.25,2
98.3,2
98.35,2
98.4,2
98.45,2
98.5,2
98.55,2
98.6,2
98.65,2
98.7,0
98.75,0
98.8,0
98.85,0
98.9,0
98.95,0
99.0,0
99.05,0
99.1,0
99.15,0
99.2,0
99.25,0
99.3,0
99.35,0
99.4,0
99.45,0
99.5,0
99.55,1
99.6,1
99.65,1
99.7,1
99.75,1
99.8,1
99.85,1
99.9,1
99.95,1
100.0,1
100.05,1
100.1,1
100.15,1
100.2,1
100.25,1
100.3,1
100.35,1
100.4,0
100.45,0
100.5,0
100.55,0
100.6,0
100.65,0
100.7,0
100.75,0
100.8,0
100.85,0
100.9,0
100.95,0
101.0,0
101.05,0
101.1,0
101.15,0
101.2,0
101.25,0
101.3,0
101.35,0
101.4,0
101.45,0
101.5,0
101.55,0
101.6,0
101.65,0
101.7,0
101.75,0
101.8,0
101.85,0
101.9,0
101.95,0
102.0,0
102.05,0
102.1,0
102.15,0
102.2,0
102.25,0
102.3,0
102.35,0
102.4,0
102.45,0
102.5,0
102.55,0
102.6,0
102.65,0
102.7,2
102.75,2
102.8,2
102.85,2
102.9,2
102.95,2
103.0,2
103.05,2
103.1,2
103.15,2
103.2,2
103.25,2
103.3,2
103.35,2
103.4,2
103.45,2
103.5,2
103.55,2
103.6,2
103.65,2
103.7,2
103.75,2
103.8,2
103.85,2
103.9,2
103.95,2
104.0,2
104.05,2
104.1,2
104.15,2
104.2,2
104.25,2
104.3,2
104.35,2
104.4,2
104.45,2
104.5,2
104.55,2
104.6,2
104.65,2
104.7,2
104.75,2
104.8,2
104.85,2
104.9,2
104.95,2
105.0,2
105.05,2
105.1,2
105.15,2
105.2,2
105.25,0
105.3,0
105.35,0
105.4,0
105.45,0
105.5,0
105.55,0
105.6,0
105.65,0
105.7,0
105.75,0
105.8,0
105.85,0
105.9,0
105.95,0
106.0,0
106.05,0
106.1,0
106.15,0
106.2,0
106.25,0
106.3,0
106.35,0
106.4,0
106.45,0
106.5,0
106.55,0
106.6,0
106.65,0
106.7,0
106.75,0
106.8,0
106.85,0
106.9,0
106.95,0
107.0,0
107.05,0
107.1,0
107.15,0
107.2,0
107.25,0
107.3,0
107.35,0
107.4,0
107.45,0
107.5,0
107.55,0
107.6,0
107.65,0
107.7,0
107.75,0
107.8,0
107.85,0
107.9,0
107.95,0
108.0,0
108.05,0
108.1,0
108.15,0
108.2,0
108.25,0
108.3,0
108.35,0
108.4,0
108.45,0
108.5,0
108.55,0
108.6,0
108.65,0
108.7,0
108.75,0
108.8,0
108.85,0
108.9,0
108.95,0
109.0,0
109.05,0
109.1,0
109.15,0
109.2,0
109.25,0
109.3,0
109.35,0
109.4,0
109.45,0
109.5,0
109.55,0
109.6,0
109.65,0
109.7,0
109.75,0
109.8,0
109.85,0
109.9,0
109.95,0
110.0,0
110.05,0
110.1,0
110.15,0
110.2,0
110.25,0
110.3,0
110.35,0
110.4,0
110.45,0
110.5,0
110.55,0
110.6,0
110.65,0
110.7,0
110.75,0
110.8,0
110.85,0
110.9,0
110.95,0
111.0,0
111.05,0
111.1,0
111.15,0
111.2,0
111.25,0
111.3,0
111.35,0
111.4,2
111.45,2
111.5,2
111.55,2
111.6,2
111.65,2
111.7,2
111.75,2
111.8,2
111.85,2
111.9,2
111.95,2
112.0,2
112.05,2
112.1,2
112.15,2
112.2,2
112.25,2
112.3,2
112.35,2
112.4,2
112.45,2
112.5,2
112.55,2
112.6,2
112.65,2
112.7,2
112.75,2
112.8,2
112.85,2
112.9,2
112.95,2
113.0,2
113.05,2
113.1,2
113.15,2
113.2,2
113.25,0
113.3,0
113.35,0
113.4,0
113.45,0
113.5,0
113.55,0
113.6,0
113.65,0
113.7,0
113.75,0
113.8,0
113.85,0
113.9,0
113.95,0
114.0,0
114.05,0
114.1,0
114.15,0
114.2,0
114.25,0
114.3,0
114.35,0
114.4,0
114.45,0
114.5,0
114.55,0
114.6,0
114.65,0
114.7,0
114.75,0
114.8,0
114.85,0
114.9,0
114.95,0
115.0,0
115.05,0
115.1,0
115.15,0
115.2,0
115.25,0
115.3,0
115.35,0
115.4,0
115.45,0
115.5,0
115.55,0
115.6,0
115.65,0
115.7,0
115.75,0
115.8,0
115.85,0
115.9,0
115.95,0
116.0,0
116.05,0
116.1,0
116.15,0
116.2,0
116.25,0
116.3,0
116.35,0
116.4,0
116.45,2
116.5,2
116.55,2
116.6,2
116.65,2
116.7,2
116.75,2
116.8,2
116.85,2
116.9,2
116.95,2
117.0,2
117.05,2
117.1,2
117.15,2
117.2,2
117.25,2
117.3,2
117.35,2
117.4,2
117.45,2
117.5,2
117.55,2
117.6,2
117.65,2
117.7,2
117.75,2
117.8,2
117.85,0
117.9,0
117.95,0
118.0,0
118.05,0
118.1,0
118.15,0
118.2,0
118.25,0
118.3,0
118.35,0
118.4,0
118.45,0
118.5,0
118.55,0
118.6,0
118.65,0
118.7,0
118.75,0
118.8,0
118.85,0
118.9,0
118.95,0
119.0,0
119.05,0
119.1,0
119.15,0
119.2,0
119.25,0
119.3,0
119.35,0
119.4,2
119.45,2
119.5,2
119.55,2
119.6,2
119.65,2
119.7,2
119.75,2
119.8,2
119.85,2
119.9,2
119.95,2
120.0,2
120.05,2
120.1,2
120.15,2
120.2,2
120.25,2
120.3,2
120.35,2
120.4,0
120.45,0
120.5,0
120.55,0
120.6,0
120.65,0
120.7,0
120.75,0
120.8,0
120.85,0
120.9,0
120.95,0
121.0,0
121.05,0
121.1,0
121.15,0
121.2,0
121.25,0
121.3,0
121.35,0
121.4,0
121.45,0
121.5,0
121.55,0
121.6,0
121.65,0
121.7,0
121.75,0
121.8,0
121.85,0
121.9,0
121.95,0
122.0,0
122.05,0
122.1,0
122.15,0
122.2,0
122.25,0
122.3,0
122.35,0
122.4,0
122.45,0
122.5,0
122.55,0
122.6,0
122.65,0
122.7,0
122.75,0
122.8,0
122.85,0
122.9,0
122.95,0
123.0,0
123.05,0
123.1,0
123.15,0
123.2,0
123.25,0
123.3,0
123.35,0
123.4,0
123.45,0
123.5,0
123.55,0
123.6,0
123.65,0
123.7,0
123.75,0
123.8,0
123.85,0
123.9,0
123.95,0
124.0,0
124.05,0
124.1,0
124.15,0
124.2,0
124.25,0
124.3,0
124.35,0
124.4,0
124.45,0
124.5,0
124.55,0
124.6,0
124.65,0
124.7,0
124.75,0
124.8,0
124.85,0
124.9,0
124.95,0
125.0,0
125.05,0
125.1,0
125.15,0
125.2,2
125.25,2
125.3,2
125.35,2
125.4,2
125.45,2
125.5,2
125.55,2
125.6,2
125.65,2
125.7,2
125.75,2
125.8,2
125.85,2
125.9,2
125.95,2
126.0,2
126.05,2
126.1,2
126.15,2
126.2,2
126.25,2
126.3,2
126.35,2
126.4,2
126.45,2
126.5,2
126.55,2
126.6,2
126.65,2
126.7,2
126.75,2
126.8,2
126.85,2
126.9,2
126.95,2
127.0,2
127.05,2
127.1,2
127.15,2
127.2,2
127.25,2
127.3,2
127.35,2
127.4,2
127.45,2
127.5,2
127.55,2
127.6,2
127.65,2
127.7,2
127.75,2
127.8,2
127.85,2
127.9,2
127.95,2
128.0,2
128.05,2
128.1,2
128.15,2
128.2,2
128.25,2
128.3,2
128.35,2
128.4,2
128.45,1
128.5,1
128.55,1
128.6,1
128.65,1
128.7,1
128.75,1
128.8,1
128.85,1
128.9,1
128.95,1
129.0,1
129.05,1
129.1,1
129.15,1
129.2,1
129.25,1
129.3,1
129.35,1
129.4,1
129.45,1
129.5,1
129.55,1
129.6,1
129.65,1
129.7,1
129.75,1
129.8,1
129.85,1
129.9,1
129.95,1
130.0,1
130.05,1
130.1,1
130.15,1
130.2,1
130.25,1
130.3,1
130.35,1
130.4,1
130.45,1
130.5,1
130.55,1
130.6,1
130.65,1
130.7,1
130.75,1
130.8,1
130.85,1
130.9,1
130.95,1
131.0,0
131.05,0
131.1,0
131.15,0
131.2,0
131.25,0
131.3,0
131.35,0
131.4,2
131.45,2
131.5,2
131.55,2
131.6,2
131.65,2
131.7,2
131.75,2
131.8,2
131.85,2
131.9,2
131.95,2
132.0,2
132.05,2
132.1,2
132.15,2
132.2,2
132.25,2
132.3,2
132.35,2
132.4,2
132.45,2
132.5,2
132.55,2
132.6,2
132.65,2
132.7,2
132.75,2
132.8,2
132.85,2
132.9,2
132.95,2
133.0,2
133.05,2
133.1,2
133.15,2
133.2,2
133.25,2
133.3,2
133.35,2
133.4,2
133.45,2
133.5,2
133.55,2
133.6,2
133.65,2
133.7,2
133.75,2
133.8,2
133.85,2
133.9,2
133.95,2
134.0,2
134.05,2
134.1,2
134.15,2
134.2,2
134.25,2
134.3,2
134.35,2
134.4,2
134.45,2
134.5,2
134.55,2
134.6,2
134.65,2
134.7,2
134.75,2
134.8,2
134.85,2
134.9,2
134.95,2
135.0,2
135.05,2
135.1,2
135.15,2
135.2,2
135.25,2
135.3,2
135.35,2
135.4,2
135.45,2
135.5,2
135.55,2
135.6,2
135.65,2
135.7,2
135.75,2
135.8,2
135.85,2
135.9,2
135.95,2
136.0,2
136.05,2
136.1,2
136.15,2
136.2,2
136.25,2
136.3,2
136.35,2
136.4,2
136.45,2
136.5,0
136.55,0
136.6,0
136.65,0
136.7,0
136.75,0
136.8,0
136.85,0
136.9,0
136.95,0
137.0,0
137.05,0
137.1,0
137.15,0
137.2,0
137.25,0
137.3,0
137.35,0
137.4,0
137.45,0
137.5,0
137.55,0
137.6,0
137.65,2
137.7,2
137.75,2
137.8,2
137.85,2
137.9,2
137.95,2
138.0,2
138.05,2
138.1,2
138.15,2
138.2,2
138.25,2
138.3,2
138.35,2
138.4,2
138.45,2
138.5,2
138.55,2
138.6,2
138.65,2
138.7,2
138.75,2
138.8,2
138.85,2
138.9,2
138.95,0
139.0,0
139.05,0
139.1,0
139.15,0
139.2,0
139.25,0
139.3,0
139.35,0
139.4,0
139.45,0
139.5,0
139.55,0
139.6,0
139.65,0
139.7,0
139.75,0
139.8,0
139.85,0
139.9,0
139.95,0
140.0,0
140.05,0
140.1,0
140.15,0
140.2,0
140.25,0
140.3,0
140.35,0
140.4,0
140.45,0
140.5,0
140.55,0
140.6,0
140.65,0
140.7,0
140.75,0
140.8,0
140.85,0
140.9,0
140.95,0
141.0,0
141.05,0
141.1,0
141.15,0
141.2,0
141.25,0
141.3,0
141.35,0
141.4,0
141.45,0
141.5,0
141.55,0
141.6,0
141.65,0
141.7,0
141.75,0
141.8,0
141.85,0
141.9,0
141.95,0
142.0,0
142.05,0
142.1,0
142.15,0
142.2,0
142.25,0
142.3,0
142.35,0
142.4,0
142.45,0
142.5,0
142.55,0
142.6,0
142.65,0
142.7,0
142.75,0
142.8,0
142.85,0
142.9,0
142.95,0
143.0,0
143.05,0
143.1,0
143.15,0
143.2,2
143.25,2
143.3,2
143.35,2
143.4,2
143.45,2
143.5,2
143.55,2
143.6,2
143.65,2
143.7,2
143.75,2
143.8,2
143.85,2
143.9,2
143.95,2
144.0,2
144.05,2
144.1,2
144.15,2
144.2,2
144.25,2
144.3,2
144.35,2
144.4,2
144.45,2
144.5,2
144.55,2
144.6,2
144.65,2
144.7,2
144.75,2
144.8,2
144.85,2
144.9,2
144.95,2
145.0,2
145.05,2
145.1,2
145.15,2
145.2,2
145.25,2
145.3,2
145.35,2
145.4,2
145.45,2
145.5,2
145.55,2
145.6,2
145.65,2
145.7,2
145.75,2
145.8,2
145.85,2
145.9,2
145.95,2
146.0,2
146.05,2
146.1,2
146.15,2
146.2,0
146.25,0
146.3,0
146.35,0
146.4,0
146.45,0
146.5,0
146.55,0
146.6,0
146.65,0
146.7,0
146.75,0
146.8,0
146.85,0
146.9,0
146.95,0
147.0,0
147.05,0
147.1,0
147.15,0
147.2,0
147.25,0
147.3,0
147.35,0
147.4,0
147.45,0
147.5,0
147.55,0
147.6,0
147.65,0
147.7,0
147.75,0
147.8,0
147.85,0
147.9,0
147.95,0
148.0,0
148.05,0
148.1,0
148.15,0
148.2,0
148.25,0
148.3,0
148.35,0
148.4,0
148.45,0
148.5,0
148.55,0
148.6,0
148.65,0
148.7,0
148.75,0
148.8,0
148.85,0
148.9,0
148.95,0
149.0,0
149.05,0
149.1,0
149.15,1
149.2,1
149.25,1
149.3,1
149.35,1
149.4,1
149.45,1
149.5,1
149.55,1
149.6,1
149.65,1
149.7,1
149.75,1
149.8,1
149.85,0
149.9,0
149.95,0
150.0,0
150.05,0
150.1,0
150.15,0
150.2,0
150.25,0
150.3,0
150.35,0
150.4,0
150.45,0
150.5,2
150.55,2
150.6,2
150.65,2
150.7,2
150.75,2
150.8,2
150.85,2
150.9,2
150.95,2
151.0,2
151.05,2
151.1,2
151.15,2
151.2,2
151.25,2
151.3,2
151.35,2
151.4,2
151.45,2
151.5,2
151.55,2
151.6,2
151.65,2
151.7,2
151.75,2
151.8,2
151.85,2
151.9,2
151.95,2
152.0,2
152.05,2
152.1,2
152.15,2
152.2,2
152.25,2
152.3,2
152.35,2
152.4,2
152.45,2
152.5,2
152.55,2
152.6,2
152.65,2
152.7,2
152.75,2
152.8,2
152.85,2
152.9,0
152.95,0
153.0,0
153.05,0
153.1,0
153.15,0
153.2,0
153.25,0
153.3,0
153.35,0
153.4,0
153.45,0
153.5,0
153.55,0
153.6,0
153.65,0
153.7,0
153.75,0
153.8,0
153.85,0
153.9,0
153.95,0
154.0,0
154.05,0
154.1,0
154.15,0
154.2,0
154.25,0
154.3,0
154.35,0
154.4,0
154.45,0
154.5,0
154.55,0
154.6,0
154.65,0
154.7,0
154.75,0
154.8,0
154.85,0
154.9,0
154.95,2
155.0,2
155.05,2
155.1,2
155.15,2
155.2,2
155.25,2
155.3,2
155.35,2
155.4,2
155.45,2
155.5,2
155.55,2
155.6,2
155.65,2
155.7,2
155.75,2
155.8,2
155.85,2
155.9,2
155.95,2
156.0,2
156.05,2
156.1,2
156.15,2
156.2,2
156.25,2
156.3,2
156.35,2
156.4,2
156.45,2
156.5,2
156.55,2
156.6,2
156.65,2
156.7,2
156.75,2
156.8,2
156.85,2
156.9,2
156.95,2
157.0,2
157.05,2
157.1,2
157.15,2
157.2,2
157.25,2
157.3,2
157.35,2
157.4,2
157.45,2
157.5,2
157.55,2
157.6,2
157.65,2
157.7,2
157.75,2
157.8,2
157.85,2
157.9,2
157.95,2
158.0,2
158.05,2
158.1,2
158.15,2
158.2,2
158.25,2
158.3,2
158.35,2
158.4,2
158.45,2
158.5,2
158.55,2
158.6,2
158.65,2
158.7,2
158.75,2
158.8,2
158.85,2
158.9,2
158.95,2
159.0,2
159.05,2
159.1,2
159.15,2
159.2,2
159.25,2
159.3,2
159.35,2
159.4,2
159.45,2
159.5,2
159.55,2
159.6,2
159.65,2
159.7,2
159.75,2
159.8,2
159.85,2
159.9,2
159.95,2
160.0,2
160.05,0
160.1,0
160.15,0
160.2,0
160.25,0
160.3,0
160.35,0
160.4,0
160.45,0
160.5,0
160.55,0
160.6,0
160.65,0
160.7,0
160.75,0
160.8,0
160.85,0
160.9,0
160.95,0
161.0,0
161.05,0
161.1,0
161.15,0
161.2,0
161.25,0
161.3,0
161.35,0
161.4,0
161.45,0
161.5,0
161.55,0
161.6,0
161.65,0
161.7,0
161.75,0
161.8,2
161.85,2
161.9,2
161.95,2
162.0,2
162.05,2
162.1,2
162.15,2
162.2,2
162.25,2
162.3,2
162.35,0
162.4,0
162.45,0
162.5,0
162.55,0
162.6,0
162.65,0
162.7,0
162.75,0
162.8,0
162.85,0
162.9,0
162.95,0
163.0,0
163.05,0
163.1,0
163.15,0
163.2,0
163.25,0
163.3,0
163.35,0
163.4,0
163.45,0
163.5,2
163.55,2
163.6,2
163.65,2
163.7,2
163.75,2
163.8,2
163.85,2
163.9,2
163.95,2
164.0,2
164.05,2
164.1,2
164.15,2
164.2,2
164.25,2
164.3,2
164.35,2
164.4,2
164.45,2
164.5,2
164.55,2
164.6,0
164.65,0
164.7,0
164.75,0
164.8,0
164.85,0
164.9,0
164.95,0
165.0,0
165.05,0
165.1,0
165.15,0
165.2,0
165.25,0
165.3,0
165.35,0
165.4,0
165.45,0
165.5,0
165.55,0
165.6,0
165.65,0
165.7,0
165.75,0
165.8,0
165.85,0
165.9,0
165.95,0
166.0,0
166.05,0
166.1,0
166.15,0
166.2,0
166.25,0
166.3,0
166.35,0
166.4,0
166.45,0
166.5,0
166.55,0
166.6,0
166.65,0
166.7,0
166.75,0
166.8,0
166.85,0
166.9,0
166.95,0
167.0,0
167.05,0
167.1,0
167.15,0
167.2,0
167.25,0
167.3,0
167.35,0
167.4,0
167.45,0
167.5,0
167.55,0
167.6,2
167.65,2
167.7,2
167.75,2
167.8,2
167.85,2
167.9,2
167.95,2
168.0,2
168.05,2
168.1,2
168.15,2
168.2,2
168.25,2
168.3,2
168.35,2
168.4,2
168.45,2
168.5,2
168.55,2
168.6,2
168.65,2
168.7,2
168.75,2
168.8,2
168.85,2
168.9,2
168.95,2
169.0,0
169.05,0
169.1,0
169.15,0
169.2,0
169.25,0
169.3,0
169.35,0
169.4,0
169.45,0
169.5,0
169.55,0
169.6,0
169.65,0
169.7,0
169.75,0
169.8,0
169.85,0
169.9,0
169.95,0
170.0,0
170.05,0
170.1,0
170.15,0
170.2,0
170.25,0
170.3,0
170.35,0
170.4,0
170.45,0
170.5,0
170.55,0
170.6,0
170.65,0
170.7,0
170.75,0
170.8,0
170.85,0
170.9,0
170.95,1
171.0,1
171.05,1
171.1,1
171.15,1
171.2,1
171.25,1
171.3,1
171.35,1
171.4,1
171.45,1
171.5,2
171.55,2
171.6,2
171.65,2
171.7,2
171.75,2
171.8,2
171.85,2
171.9,2
171.95,2
172.0,2
172.05,2
172.1,2
172.15,2
172.2,2
172.25,2
172.3,2
172.35,2
172.4,2
172.45,2
172.5,2
172.55,2
172.6,2
172.65,0
172.7,0
172.75,0
172.8,0
172.85,0
172.9,0
172.95,0
173.0,0
173.05,0
173.1,0
173.15,0
173.2,0
173.25,0
173.3,0
173.35,0
173.4,0
173.45,0
173.5,0
173.55,0
173.6,0
173.65,0
173.7,0
173.75,0
173.8,0
173.85,0
173.9,0
173.95,0
174.0,0
174.05,0
174.1,0
174.15,0
174.2,0
174.25,0
174.3,0
174.35,0
174.4,0
174.45,0
174.5,0
174.55,0
174.6,0
174.65,0
174.7,0
174.75,0
174.8,0
174.85,0
174.9,0
174.95,0
175.0,2
175.05,2
175.1,2
175.15,2
175.2,2
175.25,2
175.3,2
175.35,2
175.4,2
175.45,2
175.5,2
175.55,2
175.6,2
175.65,2
175.7,2
175.75,2
175.8,2
175.85,2
175.9,2
175.95,2
176.0,2
176.05,2
176.1,2
176.15,2
176.2,2
176.25,2
176.3,2
176.35,2
176.4,2
176.45,2
176.5,2
176.55,0
176.6,0
176.65,0
176.7,0
176.75,0
176.8,0
176.85,0
176.9,0
176.95,0
177.0,0
177.05,0
177.1,0
177.15,0
177.2,0
177.25,0
177.3,0
177.35,0
177.4,0
177.45,0
177.5,0
177.55,0
177.6,0
177.65,0
177.7,0
177.75,0
177.8,0
177.85,0
177.9,0
177.95,0
178.0,0
178.05,0
178.1,0
178.15,0
178.2,0
178.25,0
178.3,0
178.35,0
178.4,0
178.45,0
178.5,0
178.55,0
178.6,0
178.65,0
178.7,0
178.75,0
178.8,0
178.85,0
178.9,0
178.95,0
179.0,0
179.05,0
179.1,0
179.15,0
179.2,0
179.25,0
179.3,0
179.35,0
179.4,0
179.45,0
179.5,0
179.55,0
179.6,0
179.65,0
179.7,0
179.75,0
179.8,0
179.85,0
179.9,0
179.95,0
180.0,0
180.05,0
180.1,2
180.15,2
180.2,2
180.25,2
180.3,2
180.35,2
180.4,2
180.45,2
180.5,2
180.55,2
180.6,0
180.65,0
180.7,0
180.75,0
180.8,0
180.85,0
180.9,0
180.95,0
181.0,0
181.05,0
181.1,0
181.15,0
181.2,0
181.25,0
181.3,2
181.35,2
181.4,2
181.45,2
181.5,2
181.55,2
181.6,2
181.65,2
181.7,2
181.75,2
181.8,2
181.85,2
181.9,2
181.95,2
182.0,0
182.05,0
182.1,0
182.15,0
182.2,0
182.25,0
182.3,0
182.35,0
182.4,0
182.45,0
182.5,0
182.55,0
182.6,0
182.65,0
182.7,0
182.75,0
182.8,0
182.85,0
182.9,0
182.95,0
183.0,0
183.05,0
183.1,0
183.15,0
183.2,0
183.25,0
183.3,0
183.35,1
183.4,1
183.45,1
183.5,1
183.55,1
183.6,1
183.65,1
183.7,1
183.75,1
183.8,1
183.85,1
183.9,1
183.95,1
184.0,0
184.05,0
184.1,0
184.15,0
184.2,0
184.25,0
184.3,0
184.35,0
184.4,0
184.45,0
184.5,0
184.55,0
184.6,0
184.65,0
184.7,0
184.75,0
184.8,0
184.85,2
184.9,2
184.95,2
185.0,2
185.05,2
185.1,2
185.15,2
185.2,2
185.25,2
185.3,2
185.35,2
185.4,2
185.45,2
185.5,2
185.55,2
185.6,2
185.65,2
185.7,2
185.75,2
185.8,2
185.85,2
185.9,2
185.95,2
186.0,2
186.05,2
186.1,2
186.15,2
186.2,2
186.25,2
186.3,2
186.35,2
186.4,2
186.45,2
186.5,2
186.55,0
186.6,0
186.65,0
186.7,0
186.75,0
186.8,0
186.85,0
186.9,0
186.95,0
187.0,0
187.05,0
187.1,0
187.15,0
187.2,0
187.25,0
187.3,0
187.35,0
187.4,0
187.45,0
187.5,0
187.55,0
187.6,0
187.65,0
187.7,0
187.75,0
187.8,0
187.85,0
187.9,0
187.95,0
188.0,0
188.05,0
188.1,0
188.15,0
188.2,0
188.25,0
188.3,0
188.35,0
188.4,0
188.45,0
188.5,0
188.55,0
188.6,0
188.65,0
188.7,0
188.75,0
188.8,0
188.85,0
188.9,0
188.95,0
189.0,2
189.05,2
189.1,2
189.15,2
189.2,2
189.25,2
189.3,2
189.35,2
189.4,2
189.45,2
189.5,2
189.55,2
189.6,2
189.65,2
189.7,2
189.75,2
189.8,2
189.85,0
189.9,0
189.95,0
190.0,0
190.05,0
190.1,0
190.15,0
190.2,0
190.25,0
190.3,0
190.35,0
190.4,0
190.45,0
190.5,0
190.55,0
190.6,0
190.65,0
190.7,0
190.75,0
190.8,0
190.85,0
190.9,0
190.95,0
191.0,0
191.05,0
191.1,0
191.15,0
191.2,0
191.25,0
191.3,0
191.35,0
191.4,0
191.45,0
191.5,0
191.55,0
191.6,0
191.65,2
191.7,2
191.75,2
191.8,2
191.85,2
191.9,2
191.95,2
192.0,2
192.05,2
192.1,2
192.15,2
192.2,2
192.25,2
192.3,2
192.35,2
192.4,2
192.45,2
192.5,2
192.55,2
192.6,2
192.65,2
192.7,2
192.75,2
192.8,2
192.85,2
192.9,2
192.95,2
193.0,0
193.05,0
193.1,0
193.15,0
193.2,0
193.25,0
193.3,0
193.35,0
193.4,0
193.45,0
193.5,0
193.55,0
193.6,0
193.65,0
193.7,0
193.75,0
193.8,0
193.85,0
193.9,0
193.95,0
194.0,0
194.05,0
194.1,0
194.15,0
194.2,0
194.25,0
194.3,0
194.35,0
194.4,0
194.45,0
194.5,0
194.55,0
194.6,0
194.65,0
194.7,0
194.75,0
194.8,0
194.85,0
194.9,0
194.95,0
195.0,0
195.05,0
195.1,0
195.15,0
195.2,0
195.25,0
195.3,0
195.35,0
195.4,0
195.45,0
195.5,0
195.55,0
195.6,0
195.65,0
195.7,0
195.75,0
195.8,0
195.85,0
195.9,0
195.95,0
196.0,0
196.05,0
196.1,0
196.15,0
196.2,0
196.25,0
196.3,0
196.35,0
196.4,0
196.45,0
196.5,0
196.55,0
196.6,0
196.65,0
196.7,0
196.75,0
196.8,0
196.85,0
196.9,0
196.95,0
197.0,0
197.05,0
197.1,0
197.15,0
197.2,0
197.25,0
197.3,0
197.35,0
197.4,0
197.45,0
197.5,0
197.55,0
197.6,0
197.65,0
197.7,0
197.75,0
197.8,0
197.85,0
197.9,0
197.95,0
198.0,0
198.05,0
198.1,0
198.15,0
198.2,0
198.25,2
198.3,2
198.35,2
198.4,2
198.45,2
198.5,2
198.55,2
198.6,2
198.65,2
198.7,2
198.75,2
198.8,2
198.85,2
198.9,2
198.95,2
199.0,2
199.05,2
199.1,2
199.15,2
199.2,2
199.25,2
199.3,2
199.35,2
199.4,2
199.45,2
199.5,2
199.55,2
199.6,2
199.65,2
199.7,2
199.75,2
199.8,2
199.85,2
199.9,2
199.95,2
200.0,2
200.05,2
200.1,2
200.15,2
200.2,2
200.25,2
200.3,2
200.35,2
200.4,2
200.45,2
200.5,2
200.55,2
200.6,2
200.65,2
200.7,2
200.75,2
200.8,2
200.85,2
200.9,2
200.95,2
201.0,2
201.05,2
201.1,2
201.15,2
201.2,2
201.25,2
201.3,2
201.35,2
201.4,0
201.45,0
201.5,0
201.55,0
201.6,0
201.65,0
201.7,0
201.75,0
201.8,0
201.85,0
201.9,0
201.95,0
202.0,0
202.05,0
202.1,0
202.15,0
202.2,0
202.25,0
202.3,0
202.35,0
202.4,0
202.45,0
202.5,0
202.55,0
202.6,0
202.65,0
202.7,0
202.75,0
202.8,0
202.85,0
202.9,2
202.95,2
203.0,2
203.05,2
203.1,2
203.15,2
203.2,2
203.25,2
203.3,2
203.35,2
203.4,2
203.45,2
203.5,2
203.55,2
203.6,2
203.65,2
203.7,2
203.75,2
203.8,2
203.85,2
203.9,0
203.95,0
204.0,0
204.05,0
204.1,0
204.15,0
204.2,0
204.25,0
204.3,0
204.35,0
204.4,0
204.45,0
204.5,0
204.55,0
204.6,0
204.65,0
204.7,0
204.75,0
204.8,0
204.85,0
204.9,0
204.95,0
205.0,0
205.05,0
205.1,0
205.15,0
205.2,0
205.25,0
205.3,0
205.35,0
205.4,0
205.45,0
205.5,0
205.55,0
205.6,0
205.65,0
205.7,0
205.75,0
205.8,0
205.85,2
205.9,2
205.95,2
206.0,2
206.05,2
206.1,2
206.15,2
206.2,2
206.25,2
206.3,2
206.35,2
206.4,2
206.45,2
206.5,2
206.55,2
206.6,2
206.65,2
206.7,2
206.75,2
206.8,2
206.85,2
206.9,2
206.95,2
207.0,2
207.05,2
207.1,2
207.15,2
207.2,2
207.25,2
207.3,2
207.35,2
207.4,2
207.45,2
207.5,2
207.55,2
207.6,2
207.65,2
207.7,2
207.75,0
207.8,0
207.85,0
207.9,0
207.95,0
208.0,0
208.05,0
208.1,0
208.15,0
208.2,0
208.25,0
208.3,0
208.35,0
208.4,0
208.45,0
208.5,0
208.55,0
208.6,0
208.65,0
208.7,0
208.75,0
208.8,0
208.85,0
208.9,0
208.95,0
209.0,0
209.05,2
209.1,2
209.15,2
209.2,2
209.25,2
209.3,2
209.35,2
209.4,2
209.45,2
209.5,2
209.55,0
209.6,0
209.65,0
209.7,0
209.75,0
209.8,0
209.85,0
209.9,0
209.95,0
210.0,0
210.05,0
210.1,0
210.15,0
210.2,0
210.25,0
210.3,0
210.35,0
210.4,0
210.45,0
210.5,0
210.55,0
210.6,0
210.65,0
210.7,2
210.75,2
210.8,2
210.85,2
210.9,2
210.95,2
211.0,2
211.05,2
211.1,2
211.15,2
211.2,2
211.25,2
211.3,2
211.35,2
211.4,2
211.45,0
211.5,0
211.55,0
211.6,0
211.65,0
211.7,0
211.75,0
211.8,0
211.85,0
211.9,0
211.95,0
212.0,1
212.05,1
212.1,1
212.15,1
212.2,1
212.25,1
212.3,1
212.35,1
212.4,1
212.45,1
212.5,1
212.55,1
212.6,1
212.65,1
212.7,1
212.75,1
212.8,1
212.85,1
212.9,0
212.95,0
213.0,0
213.05,2
213.1,2
213.15,2
213.2,2
213.25,2
213.3,2
213.35,2
213.4,2
213.45,2
213.5,2
213.55,2
213.6,2
213.65,2
213.7,2
213.75,2
213.8,2
213.85,2
213.9,2
213.95,2
214.0,2
214.05,2
214.1,2
214.15,2
214.2,2
214.25,2
214.3,2
214.35,2
214.4,2
214.45,2
214.5,2
214.55,2
214.6,2
214.65,2
214.7,2
214.75,2
214.8,2
214.85,2
214.9,2
214.95,2
215.0,2
215.05,2
215.1,2
215.15,2
215.2,2
215.25,2
215.3,2
215.35,2
215.4,0
215.45,0
215.5,0
215.55,0
215.6,0
215.65,0
215.7,0
215.75,0
215.8,0
215.85,0
215.9,0
215.95,0
216.0,0
216.05,0
216.1,0
216.15,0
216.2,2
216.25,2
216.3,2
216.35,2
216.4,2
216.45,2
216.5,2
216.55,2
216.6,2
216.65,2
216.7,0
216.75,0
216.8,0
216.85,0
216.9,0
216.95,0
217.0,0
217.05,0
217.1,0
217.15,0
217.2,0
217.25,0
217.3,0
217.35,0
217.4,0
217.45,0
217.5,0
217.55,0
217.6,0
217.65,0
217.7,2
217.75,2
217.8,2
217.85,2
217.9,2
217.95,2
218.0,2
218.05,2
218.1,2
218.15,2
218.2,2
218.25,2
218.3,2
218.35,2
218.4,2
218.45,2
218.5,2
218.55,2
218.6,2
218.65,2
218.7,2
218.75,2
218.8,2
218.85,2
218.9,2
218.95,2
219.0,2
219.05,2
219.1,2
219.15,2
219.2,2
219.25,2
219.3,2
219.35,2
219.4,2
219.45,2
219.5,2
219.55,2
219.6,2
219.65,2
219.7,2
219.75,2
219.8,2
219.85,2
219.9,2
219.95,2
220.0,2
220.05,2
220.1,2
220.15,2
220.2,2
220.25,2
220.3,2
220.35,2
220.4,2
220.45,2
220.5,2
220.55,2
220.6,2
220.65,2
220.7,0
220.75,0
220.8,0
220.85,0
220.9,0
220.95,0
221.0,0
221.05,0
221.1,0
221.15,0
221.2,0
221.25,0
221.3,0
221.35,0
221.4,2
221.45,2
221.5,2
221.55,2
221.6,2
221.65,2
221.7,2
221.75,2
221.8,2
221.85,2
221.9,2
221.95,0
222.0,0
222.05,0
222.1,0
222.15,0
222.2,0
222.25,0
222.3,0
222.35,0
222.4,0
222.45,0
222.5,0
222.55,0
222.6,0
222.65,0
222.7,0
222.75,0
222.8,0
222.85,0
222.9,0
222.95,0
223.0,0
223.05,0
223.1,0
223.15,0
223.2,0
223.25,0
223.3,0
223.35,0
223.4,2
223.45,2
223.5,2
223.55,2
223.6,2
223.65,2
223.7,2
223.75,2
223.8,2
223.85,2
223.9,2
223.95,2
224.0,2
224.05,2
224.1,2
224.15,2
224.2,2
224.25,2
224.3,2
224.35,2
224.4,2
224.45,2
224.5,2
224.55,2
224.6,2
224.65,2
224.7,2
224.75,2
224.8,2
224.85,2
224.9,2
224.95,2
225.0,0
225.05,0
225.1,0
225.15,0
225.2,0
225.25,0
225.3,0
225.35,0
225.4,0
225.45,0
225.5,2
225.55,2
225.6,2
225.65,2
225.7,2
225.75,2
225.8,2
225.85,2
225.9,2
225.95,2
226.0,2
226.05,2
226.1,2
226.15,2
226.2,2
226.25,2
226.3,2
226.35,2
226.4,2
226.45,2
226.5,0
226.55,0
226.6,0
226.65,0
226.7,0
226.75,0
226.8,0
226.85,0
226.9,0
226.95,0
227.0,0
227.05,0
227.1,0
227.15,0
227.2,0
227.25,0
227.3,0
227.35,0
227.4,0
227.45,0
227.5,0
227.55,0
227.6,0
227.65,0
227.7,0
227.75,0
227.8,0
227.85,0
227.9,0
227.95,0
228.0,0
228.05,0
228.1,0
228.15,0
228.2,0
228.25,0
228.3,0
228.35,0
228.4,0
228.45,0
228.5,0
228.55,0
228.6,0
228.65,0
228.7,0
228.75,0
228.8,0
228.85,0
228.9,0
228.95,0
229.0,0
229.05,0
229.1,0
229.15,0
229.2,0
229.25,0
229.3,2
229.35,2
229.4,2
229.45,2
229.5,2
229.55,2
229.6,2
229.65,2
229.7,2
229.75,2
229.8,2
229.85,2
229.9,2
229.95,2
230.0,2
230.05,2
230.1,2
230.15,2
230.2,2
230.25,2
230.3,2
230.35,2
230.4,2
230.45,2
230.5,2
230.55,2
230.6,2
230.65,2
230.7,2
230.75,2
230.8,2
230.85,2
230.9,2
230.95,2
231.0,2
231.05,2
231.1,2
231.15,2
231.2,0
231.25,0
231.3,0
231.35,0
231.4,0
231.45,0
231.5,0
231.55,0
231.6,0
231.65,0
231.7,0
231.75,0
231.8,2
231.85,2
231.9,2
231.95,2
232.0,2
232.05,2
232.1,2
232.15,2
232.2,2
232.25,2
232.3,2
232.35,2
232.4,2
232.45,2
232.5,2
232.55,0
232.6,0
232.65,0
232.7,0
232.75,0
232.8,0
232.85,0
232.9,0
232.95,0
233.0,0
233.05,0
233.1,0
233.15,0
233.2,0
233.25,0
233.3,0
233.35,0
233.4,0
233.45,0
233.5,0
233.55,0
233.6,0
233.65,0
233.7,0
233.75,0
233.8,2
233.85,2
233.9,2
233.95,2
234.0,2
234.05,2
234.1,2
234.15,2
234.2,2
234.25,2
234.3,2
234.35,2
234.4,2
234.45,2
234.5,2
234.55,2
234.6,2
234.65,2
234.7,2
234.75,2
234.8,2
234.85,2
234.9,2
234.95,2
235.0,2
235.05,2
235.1,0
235.15,0
235.2,0
235.25,0
235.3,0
235.35,0
235.4,0
235.45,0
235.5,0
235.55,0
235.6,0
235.65,0
235.7,0
235.75,0
235.8,0
235.85,0
235.9,0
235.95,0
236.0,0
236.05,0
236.1,0
236.15,0
236.2,0
236.25,0
236.3,0
236.35,0
236.4,0
236.45,0
236.5,0
236.55,0
236.6,0
236.65,0
236.7,0
236.75,0
236.8,0
236.85,0
236.9,0
236.95,0
237.0,0
237.05,0
237.1,0
237.15,0
237.2,0
237.25,0
237.3,0
237.35,0
237.4,0
237.45,0
237.5,0
237.55,0
237.6,0
237.65,0
237.7,0
237.75,0
237.8,0
237.85,0
237.9,0
237.95,0
238.0,0
238.05,0
238.1,0
238.15,0
238.2,0
238.25,0
238.3,0
238.35,0
238.4,0
238.45,0
238.5,0
238.55,0
238.6,0
238.65,0
238.7,0
238.75,0
238.8,0
238.85,0
238.9,0
238.95,0
239.0,0
239.05,0
239.1,0
239.15,0
239.2,0
239.25,0
239.3,0
239.35,0
239.4,0
239.45,0
239.5,0
239.55,0
239.6,0
239.65,0
239.7,0
239.75,0
239.8,0
239.85,0
239.9,0
239.95,0
240.0,0
240.05,0
240.1,0
240.15,0
240.2,0
240.25,0
240.3,0
240.35,0
240.4,0
240.45,0
240.5,1
240.55,1
240.6,1
240.65,1
240.7,1
240.75,1
240.8,1
240.85,1
240.9,1
240.95,0
241.0,0
241.05,0
241.1,0
241.15,0
241.2,0
241.25,0
241.3,0
241.35,0
241.4,0
241.45,0
241.5,0
241.55,0
241.6,2
241.65,2
241.7,2
241.75,2
241.8,2
241.85,2
241.9,2
241.95,2
242.0,2
242.05,2
242.1,2
242.15,2
242.2,2
242.25,2
242.3,2
242.35,2
242.4,2
242.45,2
242.5,2
242.55,2
242.6,2
242.65,2
242.7,0
242.75,0
242.8,0
242.85,0
242.9,0
242.95,0
243.0,0
243.05,0
243.1,0
243.15,0
243.2,0
243.25,0
243.3,0
243.35,0
243.4,0
243.45,0
243.5,0
243.55,0
243.6,0
243.65,0
243.7,0
243.75,0
243.8,0
243.85,0
243.9,0
243.95,0
244.0,0
244.05,0
244.1,0
244.15,2
244.2,2
244.25,2
244.3,2
244.35,2
244.4,2
244.45,2
244.5,2
244.55,2
244.6,2
244.65,2
244.7,2
244.75,2
244.8,2
244.85,2
244.9,2
244.95,2
245.0,2
245.05,2
245.1,2
245.15,2
245.2,2
245.25,2
245.3,2
245.35,2
245.4,2
245.45,2
245.5,2
245.55,2
245.6,2
245.65,2
245.7,0
245.75,0
245.8,0
245.85,0
245.9,0
245.95,0
246.0,0
246.05,0
246.1,0
246.15,0
246.2,0
246.25,0
246.3,2
246.35,2
246.4,2
246.45,2
246.5,2
246.55,2
246.6,2
246.65,2
246.7,2
246.75,2
246.8,2
246.85,2
246.9,2
246.95,2
247.0,2
247.05,2
247.1,2
247.15,2
247.2,2
247.25,2
247.3,2
247.35,2
247.4,2
247.45,2
247.5,2
247.55,2
247.6,2
247.65,2
247.7,2
247.75,2
247.8,2
247.85,2
247.9,2
247.95,2
248.0,2
248.05,2
248.1,2
248.15,2
248.2,2
248.25,2
248.3,2
248.35,2
248.4,2
248.45,2
248.5,2
248.55,2
248.6,2
248.65,2
248.7,2
248.75,2
248.8,2
248.85,2
248.9,2
248.95,2
249.0,2
249.05,2
249.1,2
249.15,2
249.2,2
249.25,2
249.3,2
249.35,2
249.4,2
249.45,2
249.5,2
249.55,2
249.6,2
249.65,2
249.7,2
249.75,2
249.8,2
249.85,2
249.9,2
249.95,2
250.0,2
250.05,2
250.1,2
250.15,2
250.2,2
250.25,2
250.3,0
250.35,0
250.4,0
250.45,0
250.5,0
250.55,0
250.6,2
250.65,2
250.7,2
250.75,2
250.8,2
250.85,2
250.9,2
250.95,2
251.0,2
251.05,2
251.1,2
251.15,2
251.2,2
251.25,2
251.3,2
251.35,2
251.4,2
251.45,0
251.5,0
251.55,0
251.6,0
251.65,0
251.7,0
251.75,0
251.8,0
251.85,0
251.9,0
251.95,0
252.0,0
252.05,2
252.1,2
252.15,2
252.2,2
252.25,2
252.3,2
252.35,2
252.4,2
252.45,2
252.5,2
252.55,2
252.6,2
252.65,2
252.7,2
252.75,2
252.8,2
252.85,2
252.9,2
252.95,2
253.0,2
253.05,2
253.1,2
253.15,2
253.2,2
253.25,2
253.3,2
253.35,2
253.4,2
253.45,2
253.5,2
253.55,2
253.6,2
253.65,2
253.7,2
253.75,2
253.8,2
253.85,2
253.9,2
253.95,2
254.0,2
254.05,2
254.1,2
254.15,2
254.2,2
254.25,2
254.3,2
254.35,2
254.4,2
254.45,2
254.5,2
254.55,2
254.6,2
254.65,2
254.7,2
254.75,2
254.8,2
254.85,2
254.9,2
254.95,2
255.0,2
255.05,2
255.1,2
255.15,2
255.2,2
255.25,2
255.3,2
255.35,2
255.4,2
255.45,2
255.5,2
255.55,2
255.6,2
255.65,2
255.7,2
255.75,2
255.8,2
255.85,2
255.9,2
255.95,2
256.0,2
256.05,2
256.1,2
256.15,2
256.2,2
256.25,2
256.3,2
256.35,2
256.4,2
256.45,2
256.5,2
256.55,2
256.6,2
256.65,2
256.7,2
256.75,2
256.8,2
256.85,2
256.9,2
256.95,2
257.0,2
257.05,2
257.1,2
257.15,2
257.2,2
257.25,2
257.3,2
257.35,2
257.4,2
257.45,2
257.5,2
257.55,2
257.6,2
257.65,2
257.7,2
257.75,2
257.8,2
257.85,2
257.9,2
257.95,2
258.0,0
258.05,0
258.1,0
258.15,0
258.2,0
258.25,0
258.3,0
258.35,0
258.4,0
258.45,0
258.5,0
258.55,0
258.6,0
258.65,0
258.7,0
258.75,0
258.8,0
258.85,0
258.9,0
258.95,0
259.0,0
259.05,0
259.1,0
259.15,0
259.2,0
259.25,0
259.3,0
259.35,0
259.4,0
259.45,0
259.5,0
259.55,0
259.6,0
259.65,0
259.7,0
259.75,0
259.8,0
259.85,0
259.9,0
259.95,0
260.0,0
260.05,0
260.1,0
260.15,0
260.2,0
260.25,0
260.3,0
260.35,0
260.4,0
260.45,0
260.5,0
260.55,0
260.6,0
260.65,0
260.7,0
260.75,0
260.8,0
260.85,0
260.9,0
260.95,0
261.0,0
261.05,0
261.1,0
261.15,0
261.2,0
261.25,0
261.3,0
261.35,0
261.4,0
261.45,0
261.5,0
261.55,0
261.6,0
261.65,0
261.7,0
261.75,2
261.8,2
261.85,2
261.9,2
261.95,2
262.0,2
262.05,2
262.1,2
262.15,2
262.2,2
262.25,2
262.3,2
262.35,2
262.4,0
262.45,0
262.5,0
262.55,0
262.6,0
262.65,0
262.7,0
262.75,0
262.8,0
262.85,0
262.9,0
262.95,0
263.0,0
263.05,0
263.1,0
263.15,0
263.2,0
263.25,2
263.3,2
263.35,2
263.4,2
263.45,2
263.5,2
263.55,2
263.6,2
263.65,2
263.7,2
263.75,2
263.8,2
263.85,2
263.9,2
263.95,2
264.0,2
264.05,2
264.1,2
264.15,2
264.2,2
264.25,2
264.3,2
264.35,2
264.4,2
264.45,2
264.5,2
264.55,2
264.6,2
264.65,2
264.7,2
264.75,2
264.8,2
264.85,2
264.9,2
264.95,2
265.0,2
265.05,2
265.1,2
265.15,2
265.2,2
265.25,2
265.3,2
265.35,2
265.4,2
265.45,2
265.5,2
265.55,2
265.6,2
265.65,2
265.7,2
265.75,2
265.8,2
265.85,2
265.9,2
265.95,2
266.0,2
266.05,2
266.1,2
266.15,2
266.2,2
266.25,2
266.3,2
266.35,2
266.4,2
266.45,2
266.5,2
266.55,2
266.6,2
266.65,2
266.7,2
266.75,2
266.8,2
266.85,2
266.9,2
266.95,2
267.0,2
267.05,2
267.1,2
267.15,2
267.2,2
267.25,2
267.3,2
267.35,2
267.4,2
267.45,2
267.5,2
267.55,2
267.6,2
267.65,2
267.7,2
267.75,2
267.8,2
267.85,2
267.9,2
267.95,2
268.0,2
268.05,2
268.1,2
268.15,2
268.2,2
268.25,2
268.3,2
268.35,2
268.4,2
268.45,2
268.5,2
268.55,2
268.6,2
268.65,2
268.7,2
268.75,2
268.8,2
268.85,0
268.9,0
268.95,0
269.0,0
269.05,0
269.1,0
269.15,0
269.2,0
269.25,0
269.3,0
269.35,0
269.4,0
269.45,2
269.5,2
269.55,2
269.6,2
269.65,2
269.7,2
269.75,2
269.8,2
269.85,2
269.9,2
269.95,2
270.0,2
270.05,0
270.1,0
270.15,0
270.2,0
270.25,0
270.3,0
270.35,0
270.4,0
270.45,0
270.5,0
270.55,0
270.6,0
270.65,0
270.7,0
270.75,0
270.8,0
270.85,0
270.9,0
270.95,0
271.0,0
271.05,2
271.1,2
271.15,2
271.2,2
271.25,2
271.3,2
271.35,2
271.4,2
271.45,2
271.5,2
271.55,2
271.6,2
271.65,2
271.7,2
271.75,2
271.8,2
271.85,2
271.9,2
271.95,2
272.0,2
272.05,2
272.1,0
272.15,0
272.2,0
272.25,0
272.3,0
272.35,0
272.4,0
272.45,0
272.5,0
272.55,0
272.6,0
272.65,0
272.7,0
272.75,0
272.8,0
272.85,0
272.9,0
272.95,0
273.0,0
273.05,0
273.1,0
273.15,0
273.2,0
273.25,0
273.3,0
273.35,0
273.4,0
273.45,0
273.5,0
273.55,0
273.6,0
273.65,0
273.7,0
273.75,0
273.8,0
273.85,0
273.9,0
273.95,0
274.0,0
274.05,0
274.1,0
274.15,0
274.2,0
274.25,0
274.3,0
274.35,0
274.4,0
274.45,0
274.5,0
274.55,0
274.6,0
274.65,0
274.7,0
274.75,0
274.8,0
274.85,0
274.9,0
274.95,0
275.0,0
275.05,0
275.1,0
275.15,0
275.2,0
275.25,0
275.3,0
275.35,0
275.4,0
275.45,0
275.5,0
275.55,0
275.6,0
275.65,0
275.7,0
275.75,0
275.8,0
275.85,0
275.9,0
275.95,0
276.0,0
276.05,0
276.1,0
276.15,0
276.2,0
276.25,0
276.3,0
276.35,0
276.4,0
276.45,0
276.5,0
276.55,0
276.6,0
276.65,0
276.7,0
276.75,0
276.8,0
276.85,0
276.9,0
276.95,0
277.0,0
277.05,0
277.1,0
277.15,0
277.2,0
277.25,0
277.3,0
277.35,0
277.4,0
277.45,0
277.5,0
277.55,0
277.6,0
277.65,0
277.7,0
277.75,0
277.8,0
277.85,0
277.9,0
277.95,0
278.0,0
278.05,0
278.1,0
278.15,0
278.2,0
278.25,0
278.3,0
278.35,0
278.4,0
278.45,0
278.5,0
278.55,0
278.6,0
278.65,0
278.7,0
278.75,0
278.8,0
278.85,0
278.9,0
278.95,0
279.0,0
279.05,0
279.1,0
279.15,0
279.2,0
279.25,0
279.3,0
279.35,0
279.4,0
279.45,0
279.5,0
279.55,0
279.6,0
279.65,0
279.7,2
279.75,2
279.8,2
279.85,2
279.9,2
279.95,2
280.0,2
280.05,2
280.1,2
280.15,2
280.2,2
280.25,2
280.3,2
280.35,2
280.4,2
280.45,2
280.5,2
280.55,2
280.6,2
280.65,2
280.7,2
280.75,0
280.8,0
280.85,0
280.9,0
280.95,0
281.0,0
281.05,0
281.1,0
281.15,0
281.2,0
281.25,0
281.3,0
281.35,2
281.4,2
281.45,2
281.5,2
281.55,2
281.6,2
281.65,2
281.7,2
281.75,2
281.8,2
281.85,2
281.9,2
281.95,2
282.0,2
282.05,2
282.1,2
282.15,2
282.2,2
282.25,2
282.3,2
282.35,2
282.4,2
282.45,2
282.5,2
282.55,2
282.6,2
282.65,0
282.7,0
282.75,0
282.8,0
282.85,0
282.9,0
282.95,0
283.0,0
283.05,0
283.1,0
283.15,2
283.2,2
283.25,2
283.3,2
283.35,2
283.4,2
283.45,2
283.5,2
283.55,2
283.6,2
283.65,0
283.7,0
283.75,0
283.8,0
283.85,0
283.9,0
283.95,0
284.0,0
284.05,0
284.1,0
284.15,0
284.2,0
284.25,0
284.3,0
284.35,0
284.4,0
284.45,0
284.5,0
284.55,0
284.6,0
284.65,0
284.7,0
284.75,0
284.8,0
284.85,0
284.9,2
284.95,2
285.0,2
285.05,2
285.1,2
285.15,2
285.2,2
285.25,2
285.3,2
285.35,2
285.4,2
285.45,2
285.5,2
285.55,2
285.6,2
285.65,2
285.7,2
285.75,2
285.8,2
285.85,2
285.9,2
285.95,2
286.0,2
286.05,2
286.1,2
286.15,2
286.2,2
286.25,2
286.3,2
286.35,2
286.4,2
286.45,2
286.5,2
286.55,2
286.6,2
286.65,2
286.7,2
286.75,2
286.8,2
286.85,2
286.9,2
286.95,2
287.0,2
287.05,2
287.1,2
287.15,2
287.2,2
287.25,2
287.3,0
287.35,0
287.4,0
287.45,0
287.5,0
287.55,0
287.6,0
287.65,0
287.7,0
287.75,0
287.8,0
287.85,0
287.9,0
287.95,0
288.0,0
288.05,0
288.1,0
288.15,0
288.2,0
288.25,0
288.3,0
288.35,0
288.4,0
288.45,0
288.5,0
288.55,0
288.6,0
288.65,0
288.7,0
288.75,0
288.8,0
288.85,0
288.9,0
288.95,0
289.0,0
289.05,0
289.1,0
289.15,0
289.2,0
289.25,0
289.3,2
289.35,2
289.4,2
289.45,2
289.5,2
289.55,2
289.6,2
289.65,2
289.7,2
289.75,2
289.8,2
289.85,2
289.9,2
289.95,2
290.0,2
290.05,2
290.1,2
290.15,2
290.2,2
290.25,2
290.3,2
290.35,2
290.4,2
290.45,2
290.5,2
290.55,2
290.6,2
290.65,2
290.7,2
290.75,2
290.8,2
290.85,2
290.9,2
290.95,2
291.0,2
291.05,2
291.1,2
291.15,2
291.2,2
291.25,2
291.3,2
291.35,2
291.4,2
291.45,2
291.5,2
291.55,2
291.6,2
291.65,2
291.7,2
291.75,2
291.8,2
291.85,2
291.9,2
291.95,0
292.0,0
292.05,0
292.1,0
292.15,0
292.2,0
292.25,0
292.3,0
292.35,0
292.4,0
292.45,0
292.5,0
292.55,0
292.6,0
292.65,0
292.7,0
292.75,0
292.8,0
292.85,0
292.9,0
292.95,0
293.0,0
293.05,0
293.1,0
293.15,0
293.2,0
293.25,0
293.3,0
293.35,0
293.4,0
293.45,0
293.5,0
293.55,0
293.6,0
293.65,2
293.7,2
293.75,2
293.8,2
293.85,2
293.9,2
293.95,2
294.0,2
294.05,2
294.1,2
294.15,2
294.2,2
294.25,2
294.3,2
294.35,2
294.4,2
294.45,2
294.5,2
294.55,2
294.6,2
294.65,2
294.7,2
294.75,2
294.8,2
294.85,2
294.9,2
294.95,2
295.0,2
295.05,2
295.1,2
295.15,2
295.2,2
295.25,2
295.3,2
295.35,2
295.4,2
295.45,2
295.5,2
295.55,2
295.6,2
295.65,2
295.7,2
295.75,2
295.8,2
295.85,2
295.9,2
295.95,2
296.0,2
296.05,2
296.1,2
296.15,2
296.2,2
296.25,2
296.3,2
296.35,2
296.4,0
296.45,0
296.5,0
296.55,0
296.6,0
296.65,0
296.7,0
296.75,0
296.8,0
296.85,2
296.9,2
296.95,2
297.0,2
297.05,2
297.1,2
297.15,2
297.2,2
297.25,2
297.3,2
297.35,1
297.4,1
297.45,1
297.5,1
297.55,1
297.6,1
297.65,1
297.7,1
297.75,1
297.8,1
297.85,1
297.9,1
297.95,1
298.0,1
298.05,0
298.1,0
298.15,0
298.2,0
298.25,0
298.3,0
298.35,0
298.4,0
298.45,0
298.5,0
298.55,0
298.6,0
298.65,0
298.7,0
298.75,0
298.8,0
298.85,0
298.9,0
298.95,0
299.0,0
299.05,0
299.1,0
299.15,2
299.2,2
299.25,2
299.3,2
299.35,2
299.4,2
299.45,2
299.5,2
299.55,2
299.6,2
299.65,2
299.7,2
299.75,2
299.8,2
299.85,2
299.9,2
299.95,2
300.0,2
300.05,2
300.1,2
300.15,2
300.2,0
300.25,0
300.3,0
300.35,0
300.4,0
300.45,0
300.5,0
300.55,0
300.6,0
300.65,0
300.7,0
300.75,0
300.8,0
300.85,0
300.9,0
300.95,0
301.0,0
301.05,0
301.1,0
301.15,0
301.2,0
301.25,0
301.3,0
301.35,0
301.4,0
301.45,0
301.5,0
301.55,0
301.6,0
301.65,0
301.7,0
301.75,0
301.8,0
301.85,0
301.9,0
301.95,0
302.0,0
302.05,0
302.1,0
302.15,0
302.2,0
302.25,0
302.3,0
302.35,0
302.4,0
302.45,0
302.5,0
302.55,0
302.6,0
302.65,0
302.7,0
302.75,0
302.8,0
302.85,0
302.9,0
302.95,0
303.0,2
303.05,2
303.1,2
303.15,2
303.2,2
303.25,2
303.3,2
303.35,2
303.4,2
303.45,2
303.5,2
303.55,2
303.6,2
303.65,2
303.7,2
303.75,2
303.8,0
303.85,0
303.9,0
303.95,0
304.0,0
304.05,0
304.1,0
304.15,0
304.2,0
304.25,0
304.3,0
304.35,0
304.4,0
304.45,1
304.5,1
304.55,1
304.6,1
304.65,1
304.7,1
304.75,1
304.8,1
304.85,1
304.9,1
304.95,1
305.0,1
305.05,1
305.1,0
305.15,0
305.2,0
305.25,0
305.3,0
305.35,0
305.4,0
305.45,0
305.5,0
305.55,0
305.6,0
305.65,0
305.7,0
305.75,0
305.8,2
305.85,2
305.9,2
305.95,2
306.0,2
306.05,2
306.1,2
306.15,2
306.2,2
306.25,2
306.3,2
306.35,2
306.4,2
306.45,2
306.5,2
306.55,2
306.6,2
306.65,2
306.7,0
306.75,0
306.8,0
306.85,0
306.9,0
306.95,0
307.0,0
307.05,0
307.1,0
307.15,0
307.2,0
307.25,1
307.3,1
307.35,1
307.4,1
307.45,1
307.5,1
307.55,1
307.6,1
307.65,1
307.7,1
307.75,1
307.8,1
307.85,1
307.9,1
307.95,1
308.0,1
308.05,1
308.1,1
308.15,1
308.2,1
308.25,1
308.3,1
308.35,1
308.4,1
308.45,1
308.5,1
308.55,1
308.6,1
308.65,1
308.7,1
308.75,1
308.8,1
308.85,1
308.9,1
308.95,1
309.0,1
309.05,1
309.1,1
309.15,1
309.2,1
309.25,1
309.3,1
309.35,1
309.4,1
309.45,1
309.5,1
309.55,1
309.6,1
309.65,1
309.7,1
309.75,1
309.8,1
309.85,1
309.9,1
309.95,1
310.0,1
310.05,1
310.1,1
310.15,1
310.2,1
310.25,1
310.3,1
310.35,1
310.4,1
310.45,1
310.5,1
310.55,1
310.6,1
310.65,1
310.7,1
310.75,1
310.8,1
310.85,1
310.9,1
310.95,1
311.0,1
311.05,1
311.1,1
311.15,1
311.2,1
311.25,1
311.3,1
311.35,1
311.4,1
311.45,1
311.5,1
311.55,1
311.6,1
311.65,1
311.7,1
311.75,1
311.8,1
311.85,1
311.9,1
311.95,1
312.0,1
312.05,1
312.1,1
312.15,1
312.2,1
312.25,1
312.3,1
312.35,1
312.4,1
312.45,1
312.5,1
312.55,1
312.6,1
312.65,1
312.7,1
312.75,1
312.8,1
312.85,1
312.9,1
312.95,1
313.0,1
313.05,1
313.1,1
313.15,1
313.2,1
313.25,1
313.3,1
313.35,1
313.4,1
313.45,1
313.5,1
313.55,1
313.6,1
313.65,1
313.7,1
313.75,1
313.8,1
313.85,1
313.9,1
313.95,1
314.0,1
314.05,1
314.1,1
314.15,1
314.2,1
314.25,1
314.3,1
314.35,1
314.4,1
314.45,1
314.5,1
314.55,1
314.6,1
314.65,1
314.7,1
314.75,1
314.8,1
314.85,1
314.9,1
314.95,1
315.0,1
315.05,1
315.1,1
315.15,1
315.2,1
315.25,1
315.3,1
315.35,1
315.4,1
315.45,1
315.5,1
315.55,1
315.6,1
315.65,1
315.7,1
315.75,1
315.8,1
315.85,1
315.9,1
315.95,1
316.0,1
316.05,1
316.1,1
316.15,1
316.2,1
316.25,1
316.3,1
316.35,1
316.4,1
316.45,1
316.5,1
316.55,1
316.6,1
316.65,1
316.7,1
316.75,1
316.8,1
316.85,1
316.9,1
316.95,1
317.0,1
317.05,1
317.1,1
317.15,1
317.2,1
317.25,1
317.3,1
317.35,1
317.4,1
317.45,1
317.5,1
317.55,1
317.6,1
317.65,1
317.7,1
317.75,1
317.8,1
317.85,1
317.9,1
317.95,1
318.0,1
318.05,1
318.1,1
318.15,1
318.2,1
318.25,1
318.3,1
318.35,1
318.4,1
318.45,1
318.5,1
318.55,1
318.6,1
318.65,1
318.7,1
318.75,1
318.8,1
318.85,1
318.9,1
318.95,1
319.0,1
319.05,1
319.1,1
319.15,1
319.2,1
319.25,1
319.3,1
319.35,1
319.4,1
319.45,0
319.5,0
319.55,0
319.6,0
319.65,0
319.7,0
319.75,0
319.8,0
319.85,0
319.9,0
319.95,0
320.0,0
320.05,0
320.1,0
320.15,0
320.2,0
320.25,0
320.3,0
320.35,0
320.4,0
320.45,0
320.5,0
320.55,0
320.6,0
320.65,0
320.7,0
320.75,0
320.8,0
320.85,0
320.9,0
320.95,0
321.0,0
321.05,0
321.1,0
321.15,0
321.2,0
321.25,0
321.3,0
321.35,0
321.4,0
321.45,0
321.5,0
321.55,0
321.6,0
321.65,0
321.7,2
321.75,2
321.8,2
321.85,2
321.9,2
321.95,2
322.0,2
322.05,2
322.1,2
322.15,2
322.2,2
322.25,2
322.3,2
322.35,2
322.4,2
322.45,2
322.5,2
322.55,2
322.6,2
322.65,2
322.7,2
322.75,2
322.8,2
322.85,2
322.9,2
322.95,2
323.0,2
323.05,2
323.1,2
323.15,2
323.2,2
323.25,2
323.3,2
323.35,2
323.4,2
323.45,2
323.5,2
323.55,2
323.6,2
323.65,2
323.7,2
323.75,2
323.8,2
323.85,2
323.9,2
323.95,2
324.0,2
324.05,2
324.1,2
324.15,2
324.2,2
324.25,2
324.3,2
324.35,2
324.4,2
324.45,2
324.5,2
324.55,2
324.6,2
324.65,2
324.7,2
324.75,2
324.8,2
324.85,2
324.9,2
324.95,2
325.0,2
325.05,2
325.1,2
325.15,2
325.2,2
325.25,2
325.3,2
325.35,2
325.4,2
325.45,2
325.5,2
325.55,2
325.6,2
325.65,2
325.7,2
325.75,2
325.8,2
325.85,2
325.9,2
325.95,2
326.0,2
326.05,2
326.1,2
326.15,2
326.2,2
326.25,2
326.3,2
326.35,2
326.4,2
326.45,0
326.5,0
326.55,0
326.6,0
326.65,0
326.7,0
326.75,0
326.8,0
326.85,0
326.9,0
326.95,0
327.0,0
327.05,0
327.1,0
327.15,0
327.2,0
327.25,0
327.3,0
327.35,0
327.4,0
327.45,0
327.5,0
327.55,0
327.6,0
327.65,0
327.7,0
327.75,0
327.8,0
327.85,0
327.9,0
327.95,0
328.0,0
328.05,0
328.1,0
328.15,0
328.2,0
328.25,0
328.3,0
328.35,0
328.4,0
328.45,0
328.5,0
328.55,0
328.6,0
328.65,0
328.7,0
328.75,0
328.8,0
328.85,0
328.9,0
328.95,0
329.0,0
329.05,0
329.1,0
329.15,2
329.2,2
329.25,2
329.3,2
329.35,2
329.4,2
329.45,2
329.5,2
329.55,2
329.6,2
329.65,2
329.7,2
329.75,2
329.8,2
329.85,2
329.9,2
329.95,2
330.0,2
330.05,2
330.1,2
330.15,2
330.2,2
330.25,2
330.3,2
330.35,2
330.4,2
330.45,2
330.5,2
330.55,2
330.6,2
330.65,2
330.7,2
330.75,2
330.8,2
330.85,2
330.9,2
330.95,2
331.0,2
331.05,2
331.1,2
331.15,2
331.2,2
331.25,2
331.3,2
331.35,2
331.4,2
331.45,2
331.5,2
331.55,2
331.6,2
331.65,2
331.7,2
331.75,2
331.8,2
331.85,2
331.9,2
331.95,0
332.0,0
332.05,0
332.1,0
332.15,0
332.2,0
332.25,0
332.3,0
332.35,0
332.4,0
332.45,0
332.5,0
332.55,0
332.6,0
332.65,0
332.7,0
332.75,0
332.8,0
332.85,0
332.9,0
332.95,0
333.0,0
333.05,0
333.1,0
333.15,0
333.2,0
333.25,0
333.3,0
333.35,0
333.4,0
333.45,0
333.5,0
333.55,0
333.6,0
333.65,0
333.7,0
333.75,0
333.8,0
333.85,0
333.9,0
333.95,0
334.0,0
334.05,0
334.1,0
334.15,0
334.2,2
334.25,2
334.3,2
334.35,2
334.4,2
334.45,2
334.5,2
334.55,2
334.6,2
334.65,2
334.7,2
334.75,2
334.8,2
334.85,2
334.9,2
334.95,2
335.0,2
335.05,2
335.1,2
335.15,2
335.2,2
335.25,2
335.3,2
335.35,2
335.4,2
335.45,2
335.5,2
335.55,2
335.6,2
335.65,2
335.7,2
335.75,2
335.8,2
335.85,2
335.9,2
335.95,2
336.0,0
336.05,0
336.1,0
336.15,0
336.2,0
336.25,0
336.3,0
336.35,0
336.4,0
336.45,0
336.5,0
336.55,0
336.6,0
336.65,0
336.7,0
336.75,0
336.8,0
336.85,0
336.9,0
336.95,0
337.0,0
337.05,0
337.1,0
337.15,0
337.2,0
337.25,0
337.3,0
337.35,0
337.4,0
337.45,0
337.5,0
337.55,0
337.6,0
337.65,0
337.7,0
337.75,0
337.8,0
337.85,0
337.9,0
337.95,0
338.0,0
338.05,0
338.1,0
338.15,0
338.2,0
338.25,0
338.3,0
338.35,0
338.4,0
338.45,0
338.5,0
338.55,0
338.6,0
338.65,0
338.7,0
338.75,0
338.8,0
338.85,0
338.9,0
338.95,0
339.0,0
339.05,0
339.1,0
339.15,0
339.2,0
339.25,0
339.3,0
339.35,0
339.4,0
339.45,0
339.5,0
339.55,0
339.6,0
339.65,0
339.7,0
339.75,0
339.8,0
339.85,0
339.9,0
339.95,0
340.0,0
340.05,0
340.1,0
340.15,0
340.2,0
340.25,0
340.3,0
340.35,0
340.4,0
340.45,0
340.5,0
340.55,0
340.6,0
340.65,0
340.7,0
340.75,0
340.8,0
340.85,0
340.9,0
340.95,0
341.0,0
341.05,0
341.1,0
341.15,0
341.2,0
341.25,0
341.3,0
341.35,0
341.4,0
341.45,0
341.5,0
341.55,0
341.6,0
341.65,0
341.7,0
341.75,0
341.8,0
341.85,0
341.9,0
341.95,0
342.0,0
342.05,0
342.1,0
342.15,0
342.2,0
342.25,0
342.3,0
342.35,0
342.4,0
342.45,0
342.5,0
342.55,0
342.6,0
342.65,0
342.7,0
342.75,0
342.8,0
342.85,0
342.9,0
342.95,0
343.0,0
343.05,0
343.1,0
343.15,0
343.2,0
343.25,0
343.3,0
343.35,0
343.4,0
343.45,0
343.5,0
343.55,0
343.6,0
343.65,0
343.7,0
343.75,0
343.8,0
343.85,0
343.9,0
343.95,0
344.0,0
344.05,2
344.1,2
344.15,2
344.2,2
344.25,2
344.3,2
344.35,2
344.4,0
344.45,0
344.5,0
344.55,0
344.6,0
344.65,0
344.7,0
344.75,0
344.8,0
344.85,0
344.9,0
344.95,0
345.0,0
345.05,0
345.1,0
345.15,0
345.2,0
345.25,0
345.3,0
345.35,0
345.4,0
345.45,0
345.5,0
345.55,0
345.6,0
345.65,0
345.7,0
345.75,0
345.8,0
345.85,0
345.9,0
345.95,0
346.0,0
346.05,0
346.1,0
346.15,0
346.2,0
346.25,0
346.3,0
346.35,0
346.4,0
346.45,0
346.5,0
346.55,0
346.6,0
346.65,0
346.7,0
346.75,0
346.8,0
346.85,0
346.9,0
346.95,0
347.0,0
347.05,0
347.1,1
347.15,1
347.2,1
347.25,1
347.3,1
347.35,1
347.4,1
347.45,1
347.5,0
347.55,0
347.6,0
347.65,0
347.7,0
347.75,0
347.8,0
347.85,0
347.9,0
347.95,0
348.0,0
348.05,0
348.1,0
348.15,0
348.2,0
348.25,0
348.3,0
348.35,0
348.4,0
348.45,0
348.5,0
348.55,0
348.6,0
348.65,0
348.7,0
348.75,0
348.8,0
348.85,0
348.9,0
348.95,0
349.0,0
349.05,0
349.1,0
349.15,0
349.2,0
349.25,0
349.3,0
349.35,0
349.4,0
349.45,0
349.5,0
349.55,0
349.6,0
349.65,0
349.7,0
349.75,0
349.8,0
349.85,0
349.9,0
349.95,0
350.0,1
350.05,1
350.1,1
350.15,1
350.2,1
350.25,1
350.3,1
350.35,1
350.4,1
350.45,1
350.5,1
350.55,1
350.6,0
350.65,0
350.7,0
350.75,0
350.8,0
350.85,0
350.9,0
350.95,0
351.0,0
351.05,0
351.1,0
351.15,0
351.2,0
351.25,0
351.3,0
351.35,0
351.4,0
351.45,0
351.5,0
351.55,0
351.6,0
351.65,0
351.7,0
351.75,0
351.8,0
351.85,0
351.9,0
351.95,0
352.0,0
352.05,0
352.1,0
352.15,0
352.2,0
352.25,0
352.3,0
352.35,0
352.4,0
352.45,0
352.5,0
352.55,0
352.6,0
352.65,0
352.7,0
352.75,0
352.8,0
352.85,0
352.9,0
352.95,0
353.0,0
353.05,0
353.1,0
353.15,0
353.2,0
353.25,0
353.3,0
353.35,0
353.4,0
353.45,0
353.5,0
353.55,0
353.6,0
353.65,0
353.7,0
353.75,0
353.8,0
353.85,0
353.9,0
353.95,0
354.0,0
354.05,0
354.1,0
354.15,0
354.2,0
354.25,0
354.3,0
354.35,0
354.4,0
354.45,0
354.5,0
354.55,0
354.6,0
354.65,0
354.7,0
354.75,0
354.8,0
354.85,0
354.9,0
354.95,0
355.0,0
355.05,0
355.1,0
355.15,0
355.2,0
355.25,0
355.3,0
355.35,0
355.4,0
355.45,0
355.5,0
355.55,0
355.6,0
355.65,2
355.7,2
355.75,2
355.8,2
355.85,2
355.9,2
355.95,0
356.0,0
356.05,0
356.1,0
356.15,0
356.2,0
356.25,0
356.3,0
356.35,0
356.4,0
356.45,0
356.5,0
356.55,0
356.6,0
356.65,0
356.7,0
356.75,0
356.8,0
356.85,0
356.9,0
356.95,0
357.0,0
357.05,0
357.1,0
357.15,0
357.2,0
357.25,0
357.3,0
357.35,0
357.4,0
357.45,0
357.5,0
357.55,0
357.6,0
357.65,0
357.7,0
357.75,0
357.8,0
357.85,0
357.9,0
357.95,0
358.0,0
358.05,0
358.1,0
358.15,0
358.2,0
358.25,0
358.3,0
358.35,0
358.4,0
358.45,0
358.5,0
358.55,2
358.6,2
358.65,2
358.7,2
358.75,2
358.8,2
358.85,2
358.9,2
358.95,2
359.0,2
359.05,2
359.1,2
359.15,2
359.2,2
359.25,0
359.3,0
359.35,0
359.4,0
359.45,0
359.5,0
359.55,0
359.6,0
359.65,0
359.7,0
359.75,0
359.8,0
359.85,0
359.9,0
359.95,0
360.0,0
360.05,0
360.1,0
360.15,0
360.2,0
360.25,0
360.3,0
360.35,0
360.4,0
360.45,0
360.5,0
360.55,0
360.6,0
360.65,0
360.7,0
360.75,0
360.8,0
360.85,0
360.9,0
360.95,0
361.0,0
361.05,0
361.1,0
361.15,0
361.2,0
361.25,0
361.3,0
361.35,0
361.4,0
361.45,0
361.5,0
361.55,0
361.6,0
361.65,0
361.7,0
361.75,0
361.8,0
361.85,0
361.9,0
361.95,0
362.0,0
362.05,0
362.1,0
362.15,0
362.2,0
362.25,0
362.3,0
362.35,0
362.4,0
362.45,0
362.5,0
362.55,0
362.6,0
362.65,0
362.7,0
362.75,0
362.8,0
362.85,0
362.9,0
362.95,0
363.0,0
363.05,0
363.1,0
363.15,0
363.2,0
363.25,0
363.3,0
363.35,0
363.4,0
363.45,0
363.5,0
363.55,0
363.6,0
363.65,0
363.7,0
363.75,0
363.8,0
363.85,0
363.9,0
363.95,0
364.0,0
364.05,0
364.1,0
364.15,0
364.2,0
364.25,0
364.3,0
364.35,0
364.4,0
364.45,0
364.5,0
364.55,0
364.6,0
364.65,0
364.7,2
364.75,2
364.8,2
364.85,2
364.9,2
364.95,2
365.0,2
365.05,2
365.1,2
365.15,2
365.2,2
365.25,2
365.3,2
365.35,2
365.4,2
365.45,2
365.5,2
365.55,2
365.6,2
365.65,2
365.7,2
365.75,2
365.8,2
365.85,2
365.9,2
365.95,2
366.0,2
366.05,2
366.1,2
366.15,2
366.2,2
366.25,2
366.3,2
366.35,2
366.4,2
366.45,2
366.5,2
366.55,2
366.6,2
366.65,2
366.7,2
366.75,2
366.8,2
366.85,2
366.9,2
366.95,2
367.0,2
367.05,2
367.1,2
367.15,2
367.2,0
367.25,0
367.3,0
367.35,0
367.4,0
367.45,0
367.5,0
367.55,0
367.6,0
367.65,0
367.7,0
367.75,0
367.8,0
367.85,0
367.9,0
367.95,0
368.0,0
368.05,0
368.1,0
368.15,0
368.2,0
368.25,0
368.3,0
368.35,0
368.4,0
368.45,0
368.5,0
368.55,0
368.6,0
368.65,0
368.7,0
368.75,0
368.8,0
368.85,0
368.9,0
368.95,0
369.0,0
369.05,0
369.1,0
369.15,0
369.2,0
369.25,0
369.3,0
369.35,0
369.4,0
369.45,0
369.5,0
369.55,0
369.6,0
369.65,0
369.7,0
369.75,0
369.8,0
369.85,0
369.9,0
369.95,0
370.0,0
370.05,0
370.1,0
370.15,0
370.2,0
370.25,0
370.3,0
370.35,0
370.4,0
370.45,0
370.5,0
370.55,0
370.6,0
370.65,0
370.7,0
370.75,0
370.8,0
370.85,0
370.9,0
370.95,0
371.0,0
371.05,0
371.1,0
371.15,0
371.2,0
371.25,0
371.3,0
371.35,0
371.4,0
371.45,0
371.5,0
371.55,0
371.6,0
371.65,0
371.7,0
371.75,0
371.8,0
371.85,0
371.9,0
371.95,0
372.0,0
372.05,0
372.1,1
372.15,1
372.2,1
372.25,1
372.3,1
372.35,1
372.4,1
372.45,1
372.5,1
372.55,1
372.6,1
372.65,1
372.7,1
372.75,0
372.8,0
372.85,0
372.9,0
372.95,0
373.0,0
373.05,0
373.1,0
373.15,0
373.2,0
373.25,0
373.3,0
373.35,0
373.4,0
373.45,0
373.5,0
373.55,0
373.6,0
373.65,0
373.7,0
373.75,0
373.8,0
373.85,0
373.9,0
373.95,0
374.0,0
374.05,0
374.1,0
374.15,0
374.2,0
374.25,0
374.3,0
374.35,0
374.4,0
374.45,0
374.5,0
374.55,0
374.6,0
374.65,0
374.7,0
374.75,0
374.8,0
374.85,0
374.9,0
374.95,0
375.0,0
375.05,0
375.1,0
375.15,0
375.2,0
375.25,0
375.3,0
375.35,0
375.4,0
375.45,0
375.5,0
375.55,0
375.6,0
375.65,0
375.7,0
375.75,0
375.8,0
375.85,0
375.9,0
375.95,0
376.0,0
376.05,0
376.1,0
376.15,0
376.2,0
376.25,0
376.3,0
376.35,0
376.4,0
376.45,0
376.5,0
376.55,0
376.6,0
376.65,0
376.7,0
376.75,0
376.8,0
376.85,0
376.9,0
376.95,0
377.0,0
377.05,0
377.1,0
377.15,0
377.2,0
377.25,0
377.3,0
377.35,0
377.4,0
377.45,2
377.5,2
377.55,2
377.6,2
377.65,2
377.7,2
377.75,2
377.8,2
377.85,2
377.9,2
377.95,2
378.0,2
378.05,2
378.1,2
378.15,2
378.2,2
378.25,0
378.3,0
378.35,0
378.4,0
378.45,0
378.5,0
378.55,0
378.6,0
378.65,0
378.7,0
378.75,0
378.8,0
378.85,0
378.9,0
378.95,0
379.0,0
379.05,0
379.1,0
379.15,0
379.2,0
379.25,0
379.3,0
379.35,0
379.4,0
379.45,0
379.5,0
379.55,0
379.6,0
379.65,0
379.7,0
379.75,0
379.8,0
379.85,0
379.9,0
379.95,0
380.0,0
380.05,0
380.1,0
380.15,0
380.2,0
380.25,0
380.3,0
380.35,0
380.4,0
380.45,0
380.5,0
380.55,0
380.6,0
380.65,0
380.7,0
380.75,0
380.8,0
380.85,0
380.9,0
380.95,0
381.0,0
381.05,0
381.1,0
381.15,0
381.2,0
381.25,0
381.3,0
381.35,0
381.4,0
381.45,0
381.5,0
381.55,0
381.6,0
381.65,0
381.7,0
381.75,0
381.8,0
381.85,0
381.9,0
381.95,0
382.0,0
382.05,0
382.1,0
382.15,0
382.2,2
382.25,2
382.3,2
382.35,2
382.4,2
382.45,2
382.5,2
382.55,2
382.6,2
382.65,2
382.7,2
382.75,2
382.8,2
382.85,0
382.9,0
382.95,0
383.0,0
383.05,0
383.1,0
383.15,0
383.2,0
383.25,0
383.3,0
383.35,0
383.4,0
383.45,0
383.5,0
383.55,0
383.6,0
383.65,0
383.7,0
383.75,0
383.8,0
383.85,0
383.9,0
383.95,0
384.0,0
384.05,0
384.1,0
384.15,0
384.2,0
384.25,0
384.3,0
384.35,0
384.4,0
384.45,0
384.5,0
384.55,0
384.6,0
384.65,0
384.7,0
384.75,0
384.8,0
384.85,0
384.9,0
384.95,0
385.0,2
385.05,2
385.1,2
385.15,2
385.2,2
385.25,2
385.3,2
385.35,2
385.4,2
385.45,2
385.5,2
385.55,2
385.6,2
385.65,2
385.7,0
385.75,0
385.8,0
385.85,0
385.9,0
385.95,0
386.0,0
386.05,0
386.1,0
386.15,0
386.2,0
386.25,0
386.3,0
386.35,0
386.4,0
386.45,0
386.5,0
386.55,0
386.6,0
386.65,0
386.7,0
386.75,0
386.8,0
386.85,0
386.9,0
386.95,0
387.0,0
387.05,0
387.1,0
387.15,0
387.2,0
387.25,0
387.3,0
387.35,0
387.4,0
387.45,0
387.5,0
387.55,0
387.6,0
387.65,0
387.7,0
387.75,0
387.8,0
387.85,0
387.9,0
387.95,0
388.0,0
388.05,0
388.1,0
388.15,0
388.2,0
388.25,0
388.3,0
388.35,2
388.4,2
388.45,2
388.5,2
388.55,2
388.6,2
388.65,2
388.7,2
388.75,2
388.8,2
388.85,2
388.9,2
388.95,0
389.0,0
389.05,0
389.1,0
389.15,0
389.2,0
389.25,0
389.3,0
389.35,0
389.4,0
389.45,0
389.5,0
389.55,0
389.6,0
389.65,0
389.7,0
389.75,0
389.8,0
389.85,0
389.9,0
389.95,0
390.0,0
390.05,0
390.1,0
390.15,0
390.2,0
390.25,0
390.3,0
390.35,0
390.4,0
390.45,0
390.5,0
390.55,0
390.6,0
390.65,0
390.7,0
390.75,0
390.8,0
390.85,0
390.9,0
390.95,0
391.0,0
391.05,0
391.1,0
391.15,0
391.2,0
391.25,0
391.3,0
391.35,0
391.4,0
391.45,0
391.5,0
391.55,0
391.6,0
391.65,0
391.7,0
391.75,0
391.8,0
391.85,0
391.9,0
391.95,0
392.0,0
392.05,0
392.1,0
392.15,0
392.2,0
392.25,0
392.3,2
392.35,2
392.4,2
392.45,2
392.5,2
392.55,2
392.6,2
392.65,2
392.7,2
392.75,2
392.8,2
392.85,2
392.9,0
392.95,0
393.0,0
393.05,0
393.1,0
393.15,0
393.2,0
393.25,0
393.3,0
393.35,0
393.4,0
393.45,0
393.5,0
393.55,0
393.6,0
393.65,0
393.7,0
393.75,0
393.8,0
393.85,0
393.9,0
393.95,0
394.0,0
394.05,0
394.1,0
394.15,0
394.2,0
394.25,0
394.3,0
394.35,0
394.4,0
394.45,0
394.5,0
394.55,0
394.6,0
394.65,0
394.7,0
394.75,0
394.8,0
394.85,0
394.9,0
394.95,0
395.0,0
395.05,0
395.1,0
395.15,0
395.2,0
395.25,0
395.3,0
395.35,0
395.4,0
395.45,0
395.5,0
395.55,0
395.6,0
395.65,0
395.7,0
395.75,0
395.8,0
395.85,0
395.9,0
395.95,0
396.0,0
396.05,0
396.1,0
396.15,0
396.2,0
396.25,0
396.3,0
396.35,0
396.4,0
396.45,0
396.5,0
396.55,0
396.6,0
396.65,0
396.7,0
396.75,0
396.8,0
396.85,0
396.9,0
396.95,0
397.0,0
397.05,0
397.1,0
397.15,0
397.2,0
397.25,0
397.3,0
397.35,0
397.4,0
397.45,0
397.5,0
397.55,0
397.6,0
397.65,0
397.7,0
397.75,0
397.8,0
397.85,0
397.9,0
397.95,0
398.0,0
398.05,0
398.1,0
398.15,0
398.2,0
398.25,0
398.3,0
398.35,0
398.4,0
398.45,0
398.5,0
398.55,0
398.6,0
398.65,0
398.7,0
398.75,0
398.8,0
398.85,0
398.9,0
398.95,0
399.0,0
399.05,0
399.1,0
399.15,0
399.2,0
399.25,0
399.3,0
399.35,0
399.4,0
399.45,0
399.5,0
399.55,0
399.6,0
399.65,0
399.7,0
399.75,0
399.8,0
399.85,0
399.9,0
399.95,0
400.0,0
400.05,0
400.1,0
400.15,0
400.2,0
400.25,0
400.3,0
400.35,0
400.4,0
400.45,0
400.5,0
400.55,0
400.6,0
400.65,0
400.7,0
400.75,0
400.8,0
400.85,0
400.9,0
400.95,0
401.0,0
401.05,0
401.1,0
401.15,0
401.2,0
401.25,0
401.3,0
401.35,0
401.4,0
401.45,0
401.5,0
401.55,0
401.6,0
401.65,0
401.7,0
401.75,0
401.8,0
401.85,0
401.9,0
401.95,0
402.0,0
402.05,0
402.1,0
402.15,0
402.2,0
402.25,0
402.3,0
402.35,0
402.4,0
402.45,0
402.5,0
402.55,0
402.6,0
402.65,0
402.7,0
402.75,0
402.8,2
402.85,2
402.9,2
402.95,2
403.0,2
403.05,2
403.1,2
403.15,2
403.2,2
403.25,2
403.3,2
403.35,2
403.4,2
403.45,2
403.5,2
403.55,2
403.6,2
403.65,2
403.7,2
403.75,2
403.8,2
403.85,2
403.9,2
403.95,2
404.0,2
404.05,2
404.1,0
404.15,0
404.2,0
404.25,0
404.3,0
404.35,0
404.4,0
404.45,0
404.5,0
404.55,0
404.6,0
404.65,0
404.7,0
404.75,0
404.8,0
404.85,0
404.9,0
404.95,0
405.0,0
405.05,0
405.1,0
405.15,0
405.2,0
405.25,0
405.3,0
405.35,0
405.4,0
405.45,0
405.5,0
405.55,0
405.6,0
405.65,0
405.7,0
405.75,0
405.8,0
405.85,0
405.9,0
405.95,0
406.0,0
406.05,0
406.1,0
406.15,0
406.2,0
406.25,0
406.3,0
406.35,0
406.4,0
406.45,0
406.5,0
406.55,0
406.6,0
406.65,0
406.7,0
406.75,0
406.8,0
406.85,0
406.9,0
406.95,0
407.0,0
407.05,0
407.1,0
407.15,0
407.2,0
407.25,0
407.3,0
407.35,0
407.4,0
407.45,0
407.5,0
407.55,0
407.6,0
407.65,0
407.7,0
407.75,0
407.8,0
407.85,0
407.9,0
407.95,0
408.0,0
408.05,0
408.1,0
408.15,0
408.2,0
408.25,0
408.3,0
408.35,0
408.4,0
408.45,0
408.5,0
408.55,0
408.6,0
408.65,0
408.7,0
408.75,0
408.8,0
408.85,0
408.9,0
408.95,0
409.0,0
409.05,0
409.1,0
409.15,0
409.2,0
409.25,0
409.3,0
409.35,0
409.4,0
409.45,0
409.5,0
409.55,0
409.6,0
409.65,0
409.7,0
409.75,0
409.8,0
409.85,0
409.9,0
409.95,0
410.0,0
410.05,0
410.1,0
410.15,0
410.2,0
410.25,0
410.3,0
410.35,0
410.4,0
410.45,0
410.5,0
410.55,0
410.6,0
410.65,0
410.7,0
410.75,0
410.8,0
410.85,0
410.9,0
410.95,0
411.0,0
411.05,0
411.1,0
411.15,0
411.2,0
411.25,0
411.3,0
411.35,0
411.4,0
411.45,0
411.5,0
411.55,0
411.6,0
411.65,0
411.7,0
411.75,0
411.8,0
411.85,0
411.9,1
411.95,1
412.0,1
412.05,1
412.1,1
412.15,1
412.2,1
412.25,1
412.3,1
412.35,1
412.4,1
412.45,1
412.5,1
412.55,1
412.6,1
412.65,1
412.7,1
412.75,1
412.8,1
412.85,1
412.9,1
412.95,1
413.0,1
413.05,1
413.1,1
413.15,1
413.2,1
413.25,1
413.3,1
413.35,1
413.4,1
413.45,1
413.5,1
413.55,1
413.6,1
413.65,1
413.7,1
413.75,1
413.8,1
413.85,1
413.9,1
413.95,1
414.0,1
414.05,1
414.1,1
414.15,1
414.2,1
414.25,1
414.3,1
414.35,1
414.4,1
414.45,1
414.5,1
414.55,1
414.6,1
414.65,1
414.7,1
414.75,1
414.8,1
414.85,1
414.9,1
414.95,1
415.0,1
415.05,1
415.1,1
415.15,1
415.2,1
415.25,1
415.3,1
415.35,1
415.4,1
415.45,1
415.5,1
415.55,1
415.6,1
415.65,1
415.7,1
415.75,1
415.8,1
415.85,1
415.9,1
415.95,1
416.0,1
416.05,1
416.1,1
416.15,0
416.2,0
416.25,0
416.3,0
416.35,0
416.4,0
416.45,0
416.5,0
416.55,0
416.6,0
416.65,0
416.7,1
416.75,1
416.8,1
416.85,1
416.9,1
416.95,1
417.0,1
417.05,1
417.1,1
417.15,1
417.2,1
417.25,1
417.3,1
417.35,1
417.4,1
417.45,1
417.5,1
417.55,1
417.6,1
417.65,1
417.7,1
417.75,1
417.8,1
417.85,1
417.9,1
417.95,1
418.0,1
418.05,1
418.1,1
418.15,1
418.2,1
418.25,1
418.3,1
418.35,1
418.4,1
418.45,1
418.5,1
418.55,1
418.6,1
418.65,1
418.7,1
418.75,1
418.8,1
418.85,1
418.9,1
418.95,1
419.0,1
419.05,1
419.1,1
419.15,1
419.2,1
419.25,1
419.3,1
419.35,1
419.4,1
419.45,1
419.5,1
419.55,1
419.6,1
419.65,1
419.7,1
419.75,1
419.8,1
419.85,1
419.9,1
419.95,1
420.0,1
420.05,1
420.1,1
420.15,1
420.2,1
420.25,1
420.3,1
420.35,1
420.4,1
420.45,1
420.5,1
420.55,1
420.6,1
420.65,1
420.7,1
420.75,1
420.8,1
420.85,1
420.9,1
420.95,1
421.0,1
421.05,1
421.1,1
421.15,1
421.2,1
421.25,1
421.3,1
421.35,0
421.4,2
421.45,2
421.5,2
421.55,2
421.6,2
421.65,2
421.7,2
421.75,2
421.8,2
421.85,2
421.9,2
421.95,2
422.0,2
422.05,2
422.1,2
422.15,2
422.2,2
422.25,2
422.3,2
422.35,2
422.4,2
422.45,2
422.5,2
422.55,2
422.6,2
422.65,2
422.7,2
422.75,2
422.8,2
422.85,2
422.9,2
422.95,2
423.0,2
423.05,2
423.1,2
423.15,2
423.2,2
423.25,2
423.3,2
423.35,2
423.4,2
423.45,2
423.5,2
423.55,2
423.6,2
423.65,2
423.7,2
423.75,2
423.8,2
423.85,2
423.9,2
423.95,2
424.0,2
424.05,2
424.1,2
424.15,2
424.2,2
424.25,2
424.3,2
424.35,2
424.4,2
424.45,2
424.5,2
424.55,2
424.6,2
424.65,2
424.7,2
424.75,2
424.8,2
424.85,2
424.9,2
424.95,2
425.0,2
425.05,2
425.1,0
425.15,0
425.2,0
425.25,0
425.3,0
425.35,0
425.4,0
425.45,0
425.5,0
425.55,0
425.6,0
425.65,0
425.7,0
425.75,0
425.8,0
425.85,0
425.9,0
425.95,2
426.0,2
426.05,2
426.1,2
426.15,2
426.2,2
426.25,2
426.3,2
426.35,2
426.4,2
426.45,2
426.5,2
426.55,2
426.6,2
426.65,2
426.7,2
426.75,2
426.8,2
426.85,2
426.9,2
426.95,2
427.0,2
427.05,2
427.1,2
427.15,2
427.2,2
427.25,2
427.3,2
427.35,2
427.4,2
427.45,2
427.5,2
427.55,2
427.6,2
427.65,2
427.7,2
427.75,2
427.8,2
427.85,2
427.9,2
427.95,2
428.0,2
428.05,2
428.1,2
428.15,2
428.2,2
428.25,2
428.3,2
428.35,2
428.4,2
428.45,2
428.5,2
428.55,2
428.6,2
428.65,2
428.7,2
428.75,2
428.8,2
428.85,2
428.9,2
428.95,2
429.0,2
429.05,2
429.1,2
429.15,2
429.2,2
429.25,2
429.3,2
429.35,2
429.4,2
429.45,2
429.5,2
429.55,2
429.6,2
429.65,2
429.7,2
429.75,2
429.8,2
429.85,2
429.9,2
429.95,2
430.0,2
430.05,2
430.1,2
430.15,2
430.2,2
430.25,2
430.3,2
430.35,2
430.4,2
430.45,2
430.5,2
430.55,2
430.6,2
430.65,2
430.7,2
430.75,2
430.8,2
430.85,2
430.9,2
430.95,2
431.0,2
431.05,2
431.1,2
431.15,2
431.2,2
431.25,2
431.3,2
431.35,2
431.4,2
431.45,2
431.5,2
431.55,2
431.6,2
431.65,2
431.7,0
431.75,0
431.8,0
431.85,0
431.9,0
431.95,0
432.0,0
432.05,0
432.1,0
432.15,0
432.2,0
432.25,0
432.3,0
432.35,0
432.4,0
432.45,0
432.5,0
432.55,0
432.6,0
432.65,0
432.7,0
432.75,0
432.8,0
432.85,0
432.9,0
432.95,0
433.0,0
433.05,0
433.1,0
433.15,0
433.2,0
433.25,0
433.3,0
433.35,0
433.4,0
433.45,0
433.5,0
433.55,0
433.6,0
433.65,0
433.7,0
433.75,0
433.8,0
433.85,0
433.9,0
433.95,0
434.0,0
434.05,0
434.1,0
434.15,0
434.2,0
434.25,0
434.3,0
434.35,0
434.4,2
434.45,2
434.5,2
434.55,2
434.6,2
434.65,2
434.7,2
434.75,2
434.8,2
434.85,2
434.9,2
434.95,2
435.0,2
435.05,2
435.1,2
435.15,2
435.2,2
435.25,2
435.3,2
435.35,2
435.4,2
435.45,2
435.5,2
435.55,2
435.6,2
435.65,2
435.7,2
435.75,2
435.8,2
435.85,2
435.9,2
435.95,2
436.0,2
436.05,2
436.1,2
436.15,2
436.2,2
436.25,2
436.3,2
436.35,2
436.4,2
436.45,2
436.5,2
436.55,2
436.6,2
436.65,2
436.7,2
436.75,2
436.8,2
436.85,2
436.9,2
436.95,2
437.0,0
437.05,0
437.1,0
437.15,0
437.2,0
437.25,0
437.3,0
437.35,0
437.4,0
437.45,0
437.5,0
437.55,0
437.6,0
437.65,0
437.7,0
437.75,0
437.8,0
437.85,0
437.9,0
437.95,0
438.0,0
438.05,0
438.1,0
438.15,0
438.2,0
438.25,0
438.3,0
438.35,0
438.4,0
438.45,0
438.5,0
438.55,0
438.6,0
438.65,0
438.7,0
438.75,0
438.8,0
438.85,0
438.9,0
438.95,0
439.0,0
439.05,0
439.1,0
439.15,0
439.2,0
439.25,0
439.3,0
439.35,0
439.4,0
439.45,0
439.5,0
439.55,0
439.6,0
439.65,0
439.7,0
439.75,2
439.8,2
439.85,2
439.9,2
439.95,2
440.0,2
440.05,2
440.1,2
440.15,2
440.2,2
440.25,2
440.3,2
440.35,2
440.4,2
440.45,2
440.5,2
440.55,2
440.6,0
440.65,0
440.7,0
440.75,0
440.8,0
440.85,0
440.9,0
440.95,1
441.0,1
441.05,1
441.1,1
441.15,1
441.2,1
441.25,1
441.3,1
441.35,1
441.4,1
441.45,1
441.5,1
441.55,1
441.6,1
441.65,1
441.7,0
441.75,0
441.8,0
441.85,0
441.9,0
441.95,0
442.0,0
442.05,0
442.1,0
442.15,0
442.2,0
442.25,0
442.3,0
442.35,1
442.4,1
442.45,1
442.5,1
442.55,1
442.6,1
442.65,1
442.7,1
442.75,1
442.8,1
442.85,1
442.9,1
442.95,1
443.0,1
443.05,1
443.1,1
443.15,1
443.2,1
443.25,2
443.3,2
443.35,2
443.4,2
443.45,2
443.5,2
443.55,2
443.6,2
443.65,2
443.7,2
443.75,2
443.8,2
443.85,2
443.9,2
443.95,2
444.0,2
444.05,2
444.1,2
444.15,2
444.2,2
444.25,2
444.3,2
444.35,2
444.4,2
444.45,2
444.5,2
444.55,2
444.6,2
444.65,2
444.7,2
444.75,2
444.8,2
444.85,2
444.9,2
444.95,2
445.0,2
445.05,2
445.1,2
445.15,2
445.2,2
445.25,2
445.3,2
445.35,2
445.4,2
445.45,2
445.5,2
445.55,2
445.6,2
445.65,2
445.7,2
445.75,2
445.8,2
445.85,2
445.9,2
445.95,2
446.0,2
446.05,2
446.1,2
446.15,2
446.2,2
446.25,2
446.3,2
446.35,2
446.4,2
446.45,2
446.5,2
446.55,2
446.6,2
446.65,2
446.7,2
446.75,2
446.8,2
446.85,2
446.9,2
446.95,2
447.0,2
447.05,2
447.1,2
447.15,2
447.2,2
447.25,2
447.3,2
447.35,2
447.4,2
447.45,2
447.5,2
447.55,2
447.6,0
447.65,0
447.7,0
447.75,0
447.8,0
447.85,0
447.9,0
447.95,0
448.0,0
448.05,0
448.1,0
448.15,0
448.2,0
448.25,0
448.3,0
448.35,0
448.4,0
448.45,0
448.5,0
448.55,0
448.6,0
448.65,0
448.7,0
448.75,0
448.8,0
448.85,0
448.9,0
448.95,0
449.0,0
449.05,0
449.1,0
449.15,0
449.2,0
449.25,0
449.3,0
449.35,0
449.4,0
449.45,0
449.5,2
449.55,2
449.6,2
449.65,2
449.7,2
449.75,2
449.8,2
449.85,2
449.9,2
449.95,2
450.0,2
450.05,2
450.1,2
450.15,2
450.2,2
450.25,2
450.3,2
450.35,2
450.4,2
450.45,2
450.5,2
450.55,2
450.6,2
450.65,2
450.7,2
450.75,2
450.8,2
450.85,2
450.9,2
450.95,2
451.0,2
451.05,2
451.1,2
451.15,2
451.2,2
451.25,2
451.3,2
451.35,2
451.4,2
451.45,2
451.5,2
451.55,2
451.6,2
451.65,2
451.7,2
451.75,2
451.8,2
451.85,2
451.9,2
451.95,2
452.0,2
452.05,2
452.1,2
452.15,2
452.2,2
452.25,2
452.3,2
452.35,0
452.4,0
452.45,0
452.5,0
452.55,0
452.6,0
452.65,0
452.7,0
452.75,0
452.8,0
452.85,0
452.9,0
452.95,0
453.0,0
453.05,0
453.1,0
453.15,0
453.2,0
453.25,0
453.3,0
453.35,0
453.4,0
453.45,0
453.5,0
453.55,0
453.6,0
453.65,0
453.7,0
453.75,0
453.8,0
453.85,0
453.9,0
453.95,0
454.0,0
454.05,0
454.1,0
454.15,0
454.2,0
454.25,0
454.3,0
454.35,0
454.4,0
454.45,0
454.5,0
454.55,0
454.6,0
454.65,0
454.7,0
454.75,0
454.8,0
454.85,0
454.9,0
454.95,0
455.0,0
455.05,0
455.1,0
455.15,0
455.2,0
455.25,0
455.3,0
455.35,0
455.4,0
455.45,0
455.5,0
455.55,0
455.6,0
455.65,0
455.7,0
455.75,0
455.8,0
455.85,0
455.9,0
455.95,0
456.0,0
456.05,0
456.1,0
456.15,0
456.2,0
456.25,0
456.3,0
456.35,0
456.4,0
456.45,2
456.5,2
456.55,2
456.6,2
456.65,2
456.7,2
456.75,2
456.8,2
456.85,2
456.9,2
456.95,2
457.0,2
457.05,2
457.1,2
457.15,2
457.2,2
457.25,2
457.3,2
457.35,2
457.4,2
457.45,2
457.5,2
457.55,2
457.6,2
457.65,2
457.7,2
457.75,2
457.8,2
457.85,2
457.9,2
457.95,0
458.0,0
458.05,0
458.1,0
458.15,0
458.2,0
458.25,0
458.3,0
458.35,0
458.4,0
458.45,0
458.5,0
458.55,0
458.6,0
458.65,0
458.7,0
458.75,0
458.8,0
458.85,0
458.9,0
458.95,0
459.0,0
459.05,0
459.1,0
459.15,0
459.2,0
459.25,0
459.3,0
459.35,0
459.4,0
459.45,0
459.5,0
459.55,0
459.6,0
459.65,0
459.7,0
459.75,0
459.8,0
459.85,0
459.9,0
459.95,0
460.0,0
460.05,0
460.1,0
460.15,0
460.2,0
460.25,0
460.3,2
460.35,2
460.4,2
460.45,2
460.5,2
460.55,2
460.6,2
460.65,2
460.7,2
460.75,2
460.8,2
460.85,2
460.9,2
460.95,2
461.0,2
461.05,2
461.1,2
461.15,2
461.2,2
461.25,2
461.3,2
461.35,2
461.4,2
461.45,2
461.5,2
461.55,2
461.6,2
461.65,2
461.7,2
461.75,2
461.8,2
461.85,2
461.9,2
461.95,2
462.0,2
462.05,2
462.1,2
462.15,2
462.2,2
462.25,2
462.3,2
462.35,2
462.4,2
462.45,2
462.5,2
462.55,2
462.6,2
462.65,2
462.7,2
462.75,2
462.8,2
462.85,2
462.9,2
462.95,2
463.0,2
463.05,2
463.1,2
463.15,2
463.2,2
463.25,2
463.3,2
463.35,2
463.4,2
463.45,2
463.5,2
463.55,2
463.6,2
463.65,2
463.7,2
463.75,2
463.8,2
463.85,2
463.9,2
463.95,2
464.0,2
464.05,2
464.1,2
464.15,2
464.2,2
464.25,2
464.3,2
464.35,2
464.4,2
464.45,2
464.5,2
464.55,2
464.6,2
464.65,2
464.7,2
464.75,2
464.8,2
464.85,2
464.9,2
464.95,2
465.0,2
465.05,2
465.1,2
465.15,2
465.2,2
465.25,2
465.3,2
465.35,2
465.4,2
465.45,2
465.5,2
465.55,2
465.6,2
465.65,2
465.7,2
465.75,2
465.8,2
465.85,2
465.9,2
465.95,2
466.0,2
466.05,2
466.1,2
466.15,2
466.2,2
466.25,2
466.3,2
466.35,2
466.4,2
466.45,2
466.5,2
466.55,2
466.6,2
466.65,2
466.7,2
466.75,2
466.8,2
466.85,2
466.9,2
466.95,2
467.0,2
467.05,2
467.1,2
467.15,2
467.2,2
467.25,2
467.3,2
467.35,2
467.4,2
467.45,2
467.5,2
467.55,2
467.6,2
467.65,2
467.7,2
467.75,2
467.8,2
467.85,2
467.9,2
467.95,2
468.0,2
468.05,2
468.1,2
468.15,2
468.2,2
468.25,2
468.3,2
468.35,2
468.4,2
468.45,2
468.5,2
468.55,2
468.6,2
468.65,2
468.7,2
468.75,2
468.8,0
468.85,0
468.9,0
468.95,0
469.0,0
469.05,0
469.1,0
469.15,0
469.2,0
469.25,0
469.3,0
469.35,2
469.4,2
469.45,2
469.5,2
469.55,2
469.6,2
469.65,2
469.7,2
469.75,2
469.8,2
469.85,2
469.9,2
469.95,2
470.0,2
470.05,2
470.1,2
470.15,2
470.2,2
470.25,2
470.3,2
470.35,2
470.4,2
470.45,2
470.5,2
470.55,2
470.6,2
470.65,2
470.7,2
470.75,2
470.8,2
470.85,2
470.9,2
470.95,2
471.0,2
471.05,2
471.1,2
471.15,2
471.2,2
471.25,2
471.3,2
471.35,0
471.4,0
471.45,0
471.5,0
471.55,0
471.6,0
471.65,0
471.7,0
471.75,0
471.8,0
471.85,0
471.9,0
471.95,0
472.0,0
472.05,0
472.1,0
472.15,0
472.2,0
472.25,0
472.3,0
472.35,0
472.4,0
472.45,0
472.5,0
472.55,0
472.6,0
472.65,0
472.7,0
472.75,0
472.8,0
472.85,0
472.9,0
472.95,0
473.0,0
473.05,0
473.1,0
473.15,0
473.2,0
473.25,0
473.3,0
473.35,0
473.4,0
473.45,0
473.5,0
473.55,0
473.6,0
473.65,0
473.7,0
473.75,0
473.8,0
473.85,0
473.9,0
473.95,0
474.0,0
474.05,0
474.1,0
474.15,0
474.2,0
474.25,0
474.3,0
474.35,0
474.4,0
474.45,0
474.5,0
474.55,0
474.6,0
474.65,0
474.7,0
474.75,0
474.8,0
474.85,0
474.9,0
474.95,0
475.0,0
475.05,0
475.1,0
475.15,0
475.2,0
475.25,0
475.3,0
475.35,0
475.4,0
475.45,0
475.5,0
475.55,0
475.6,0
475.65,0
475.7,0
475.75,0
475.8,0
475.85,0
475.9,0
475.95,0
476.0,0
476.05,0
476.1,0
476.15,0
476.2,0
476.25,0
476.3,0
476.35,0
476.4,0
476.45,0
476.5,0
476.55,0
476.6,0
476.65,0
476.7,0
476.75,0
476.8,0
476.85,0
476.9,0
476.95,0
477.0,0
477.05,0
477.1,0
477.15,0
477.2,0
477.25,0
477.3,0
477.35,0
477.4,0
477.45,0
477.5,0
477.55,0
477.6,0
477.65,0
477.7,0
477.75,0
477.8,0
477.85,0
477.9,0
477.95,0
478.0,0
478.05,0
478.1,0
478.15,0
478.2,0
478.25,0
478.3,0
478.35,0
478.4,0
478.45,0
478.5,0
478.55,0
478.6,0
478.65,0
478.7,0
478.75,0
478.8,0
478.85,0
478.9,0
478.95,0
479.0,0
479.05,0
479.1,0
479.15,0
479.2,0
479.25,0
479.3,0
479.35,0
479.4,0
479.45,0
479.5,0
479.55,0
479.6,0
479.65,0
479.7,0
479.75,0
479.8,0
479.85,0
479.9,0
479.95,0
480.0,0
480.05,0
480.1,0
480.15,0
480.2,0
480.25,0
480.3,0
480.35,0
480.4,0
480.45,0
480.5,0
480.55,0
480.6,0
480.65,0
480.7,0
480.75,0
480.8,0
480.85,0
480.9,2
480.95,2
481.0,2
481.05,2
481.1,2
481.15,2
481.2,2
481.25,2
481.3,2
481.35,2
481.4,2
481.45,2
481.5,2
481.55,2
481.6,2
481.65,2
481.7,2
481.75,2
481.8,2
481.85,2
481.9,2
481.95,2
482.0,2
482.05,2
482.1,2
482.15,2
482.2,2
482.25,2
482.3,2
482.35,2
482.4,2
482.45,2
482.5,2
482.55,2
482.6,2
482.65,2
482.7,2
482.75,2
482.8,2
482.85,2
482.9,2
482.95,2
483.0,2
483.05,2
483.1,2
483.15,2
483.2,2
483.25,2
483.3,2
483.35,2
483.4,2
483.45,2
483.5,2
483.55,2
483.6,2
483.65,2
483.7,2
483.75,2
483.8,2
483.85,2
483.9,2
483.95,2
484.0,2
484.05,2
484.1,2
484.15,2
484.2,2
484.25,2
484.3,2
484.35,2
484.4,2
484.45,2
484.5,2
484.55,2
484.6,2
484.65,2
484.7,2
484.75,2
484.8,2
484.85,2
484.9,2
484.95,2
485.0,2
485.05,2
485.1,2
485.15,2
485.2,2
485.25,2
485.3,2
485.35,2
485.4,2
485.45,2
485.5,2
485.55,2
485.6,2
485.65,2
485.7,2
485.75,2
485.8,2
485.85,2
485.9,2
485.95,2
486.0,2
486.05,2
486.1,2
486.15,2
486.2,2
486.25,2
486.3,2
486.35,2
486.4,2
486.45,0
486.5,0
486.55,0
486.6,0
486.65,0
486.7,0
486.75,0
486.8,0
486.85,0
486.9,0
486.95,0
487.0,0
487.05,0
487.1,0
487.15,0
487.2,0
487.25,0
487.3,0
487.35,0
487.4,0
487.45,0
487.5,0
487.55,0
487.6,0
487.65,0
487.7,0
487.75,0
487.8,0
487.85,0
487.9,0
487.95,0
488.0,1
488.05,1
488.1,1
488.15,1
488.2,1
488.25,1
488.3,1
488.35,1
488.4,1
488.45,1
488.5,1
488.55,1
488.6,1
488.65,1
488.7,1
488.75,1
488.8,1
488.85,1
488.9,1
488.95,1
489.0,1
489.05,1
489.1,1
489.15,1
489.2,1
489.25,1
489.3,1
489.35,1
489.4,1
489.45,1
489.5,1
489.55,1
489.6,1
489.65,1
489.7,1
489.75,1
489.8,1
489.85,1
489.9,1
489.95,1
490.0,1
490.05,1
490.1,1
490.15,1
490.2,1
490.25,1
490.3,1
490.35,1
490.4,1
490.45,1
490.5,1
490.55,1
490.6,1
490.65,1
490.7,1
490.75,1
490.8,1
490.85,1
490.9,1
490.95,1
491.0,1
491.05,1
491.1,1
491.15,1
491.2,1
491.25,1
491.3,1
491.35,1
491.4,1
491.45,1
491.5,1
491.55,1
491.6,1
491.65,1
491.7,1
491.75,1
491.8,1
491.85,1
491.9,1
491.95,1
492.0,1
492.05,1
492.1,1
492.15,1
492.2,1
492.25,1
492.3,1
492.35,1
492.4,1
492.45,1
492.5,1
492.55,1
492.6,1
492.65,1
492.7,1
492.75,1
492.8,1
492.85,1
492.9,1
492.95,1
493.0,1
493.05,1
493.1,1
493.15,1
493.2,1
493.25,1
493.3,1
493.35,1
493.4,1
493.45,1
493.5,1
493.55,1
493.6,1
493.65,1
493.7,1
493.75,1
493.8,1
493.85,1
493.9,1
493.95,1
494.0,1
494.05,1
494.1,1
494.15,1
494.2,1
494.25,1
494.3,1
494.35,1
494.4,1
494.45,1
494.5,1
494.55,1
494.6,1
494.65,1
494.7,1
494.75,1
494.8,1
494.85,1
494.9,1
494.95,1
495.0,1
495.05,1
495.1,1
495.15,1
495.2,1
495.25,1
495.3,1
495.35,1
495.4,1
495.45,1
495.5,1
495.55,1
495.6,1
495.65,1
495.7,1
495.75,1
495.8,1
495.85,1
495.9,1
495.95,1
496.0,1
496.05,1
496.1,1
496.15,1
496.2,1
496.25,1
496.3,1
496.35,1
496.4,1
496.45,1
496.5,1
496.55,1
496.6,1
496.65,1
496.7,1
496.75,1
496.8,1
496.85,1
496.9,1
496.95,1
497.0,1
497.05,1
497.1,1
497.15,1
497.2,1
497.25,1
497.3,1
497.35,1
497.4,1
497.45,1
497.5,1
497.55,1
497.6,0
497.65,0
497.7,0
497.75,0
497.8,0
497.85,0
497.9,0
497.95,0
498.0,0
498.05,0
498.1,2
498.15,2
498.2,2
498.25,2
498.3,2
498.35,2
498.4,2
498.45,2
498.5,2
498.55,2
498.6,2
498.65,2
498.7,2
498.75,2
498.8,2
498.85,2
498.9,2
498.95,2
499.0,2
499.05,2
499.1,2
499.15,2
499.2,2
499.25,2
499.3,2
499.35,2
499.4,2
499.45,2
499.5,2
499.55,2
499.6,2
499.65,2
499.7,2
499.75,2
499.8,2
499.85,2
499.9,2
499.95,2
500.0,2
500.05,2
500.1,2
500.15,2
500.2,2
500.25,2
500.3,2
500.35,2
500.4,2
500.45,2
500.5,2
500.55,0
500.6,0
500.65,0
500.7,0
500.75,0
500.8,0
500.85,0
500.9,0
500.95,0
501.0,0
501.05,0
501.1,0
501.15,0
501.2,0
501.25,0
501.3,0
501.35,0
501.4,0
501.45,0
501.5,0
501.55,0
501.6,0
501.65,0
501.7,0
501.75,0
501.8,0
501.85,0
501.9,0
501.95,0
502.0,0
502.05,0
502.1,0
502.15,0
502.2,0
502.25,0
502.3,0
502.35,0
502.4,0
502.45,0
502.5,0
502.55,0
502.6,0
502.65,0
502.7,0
502.75,0
502.8,0
502.85,0
502.9,0
502.95,0
503.0,0
503.05,0
503.1,0
503.15,0
503.2,0
503.25,0
503.3,0
503.35,0
503.4,0
503.45,0
503.5,0
503.55,0
503.6,0
503.65,0
503.7,2
503.75,2
503.8,2
503.85,2
503.9,2
503.95,2
504.0,0
504.05,0
504.1,0
504.15,0
504.2,0
504.25,0
504.3,0
504.35,0
504.4,0
504.45,0
504.5,0
504.55,0
504.6,0
504.65,0
504.7,0
504.75,0
504.8,0
504.85,0
504.9,0
504.95,0
505.0,0
505.05,0
505.1,0
505.15,0
505.2,0
505.25,0
505.3,0
505.35,0
505.4,0
505.45,0
505.5,0
505.55,0
505.6,0
505.65,0
505.7,0
505.75,0
505.8,0
505.85,0
505.9,2
505.95,2
506.0,2
506.05,2
506.1,2
506.15,2
506.2,2
506.25,2
506.3,2
506.35,2
506.4,2
506.45,2
506.5,2
506.55,2
506.6,2
506.65,2
506.7,2
506.75,2
506.8,2
506.85,2
506.9,2
506.95,2
507.0,2
507.05,2
507.1,2
507.15,2
507.2,2
507.25,2
507.3,2
507.35,2
507.4,2
507.45,2
507.5,2
507.55,2
507.6,2
507.65,2
507.7,2
507.75,2
507.8,2
507.85,2
507.9,2
507.95,2
508.0,2
508.05,2
508.1,2
508.15,2
508.2,2
508.25,2
508.3,2
508.35,2
508.4,2
508.45,2
508.5,2
508.55,2
508.6,2
508.65,2
508.7,2
508.75,2
508.8,2
508.85,2
508.9,2
508.95,2
509.0,2
509.05,2
509.1,2
509.15,2
509.2,0
509.25,0
509.3,0
509.35,0
509.4,0
509.45,0
509.5,0
509.55,0
509.6,0
509.65,0
509.7,0
509.75,0
509.8,0
509.85,0
509.9,0
509.95,0
510.0,0
510.05,0
510.1,0
510.15,0
510.2,0
510.25,0
510.3,0
510.35,0
510.4,0
510.45,0
510.5,0
510.55,0
510.6,0
510.65,0
510.7,0
510.75,0
510.8,0
510.85,0
510.9,0
510.95,0
511.0,0
511.05,0
511.1,0
511.15,0
511.2,0
511.25,0
511.3,0
511.35,0
511.4,0
511.45,0
511.5,0
511.55,0
511.6,0
511.65,0
511.7,0
511.75,0
511.8,0
511.85,0
511.9,0
511.95,0
512.0,0
512.05,0
512.1,0
512.15,0
512.2,0
512.25,0
512.3,0
512.35,0
512.4,0
512.45,0
512.5,0
512.55,0
512.6,0
512.65,0
512.7,0
512.75,0
512.8,0
512.85,0
512.9,0
512.95,0
513.0,0
513.05,0
513.1,0
513.15,0
513.2,0
513.25,0
513.3,0
513.35,0
513.4,0
513.45,0
513.5,2
513.55,2
513.6,2
513.65,2
513.7,2
513.75,2
513.8,2
513.85,2
513.9,2
513.95,2
514.0,2
514.05,2
514.1,2
514.15,2
514.2,2
514.25,2
514.3,2
514.35,2
514.4,2
514.45,2
514.5,2
514.55,2
514.6,2
514.65,2
514.7,2
514.75,2
514.8,2
514.85,2
514.9,2
514.95,2
515.0,2
515.05,2
515.1,2
515.15,2
515.2,2
515.25,2
515.3,2
515.35,2
515.4,2
515.45,2
515.5,2
515.55,2
515.6,2
515.65,2
515.7,2
515.75,2
515.8,2
515.85,2
515.9,2
515.95,0
516.0,0
516.05,0
516.1,0
516.15,0
516.2,0
516.25,0
516.3,0
516.35,0
516.4,0
516.45,0
516.5,0
516.55,0
516.6,0
516.65,0
516.7,0
516.75,0
516.8,0
516.85,0
516.9,0
516.95,0
517.0,0
517.05,2
517.1,2
517.15,2
517.2,2
517.25,2
517.3,2
517.35,2
517.4,2
517.45,2
517.5,2
517.55,2
517.6,2
517.65,2
517.7,2
517.75,2
517.8,2
517.85,2
517.9,2
517.95,2
518.0,2
518.05,0
518.1,0
518.15,0
518.2,0
518.25,0
518.3,0
518.35,0
518.4,0
518.45,0
518.5,0
518.55,0
518.6,0
518.65,0
518.7,0
518.75,0
518.8,0
518.85,0
518.9,0
518.95,0
519.0,0
519.05,0
519.1,0
519.15,0
519.2,0
519.25,0
519.3,0
519.35,0
519.4,0
519.45,0
519.5,0
519.55,0
519.6,0
519.65,0
519.7,0
519.75,0
519.8,0
519.85,0
519.9,0
519.95,0
520.0,0
520.05,0
520.1,0
520.15,0
520.2,0
520.25,0
520.3,0
520.35,0
520.4,0
520.45,0
520.5,0
520.55,0
520.6,0
520.65,0
520.7,0
520.75,0
520.8,0
520.85,0
520.9,0
520.95,0
521.0,0
521.05,0
521.1,0
521.15,0
521.2,0
521.25,0
521.3,0
521.35,0
521.4,0
521.45,0
521.5,0
521.55,0
521.6,0
521.65,0
521.7,0
521.75,0
521.8,0
521.85,0
521.9,0
521.95,0
522.0,0
522.05,0
522.1,0
522.15,0
522.2,0
522.25,0
522.3,0
522.35,0
522.4,0
522.45,0
522.5,0
522.55,0
522.6,0
522.65,0
522.7,0
522.75,0
522.8,0
522.85,0
522.9,0
522.95,0
523.0,0
523.05,0
523.1,0
523.15,0
523.2,0
523.25,0
523.3,0
523.35,0
523.4,0
523.45,0
523.5,0
523.55,0
523.6,0
523.65,0
523.7,0
523.75,0
523.8,0
523.85,0
523.9,0
523.95,0
524.0,0
524.05,0
524.1,0
524.15,0
524.2,0
524.25,0
524.3,0
524.35,0
524.4,0
524.45,0
524.5,0
524.55,0
524.6,0
524.65,0
524.7,0
524.75,0
524.8,0
524.85,0
524.9,0
524.95,0
525.0,0
525.05,0
525.1,0
525.15,0
525.2,0
525.25,0
525.3,0
525.35,0
525.4,0
525.45,0
525.5,0
525.55,0
525.6,0
525.65,0
525.7,0
525.75,0
525.8,0
525.85,0
525.9,0
525.95,0
526.0,0
526.05,0
526.1,0
526.15,0
526.2,0
526.25,0
526.3,0
526.35,0
526.4,0
526.45,0
526.5,0
526.55,0
526.6,0
526.65,0
526.7,0
526.75,0
526.8,0
526.85,0
526.9,0
526.95,0
527.0,0
527.05,0
527.1,0
527.15,0
527.2,0
527.25,0
527.3,0
527.35,0
527.4,0
527.45,0
527.5,0
527.55,0
527.6,0
527.65,0
527.7,0
527.75,0
527.8,0
527.85,0
527.9,0
527.95,0
528.0,0
528.05,0
528.1,0
528.15,0
528.2,0
528.25,0
528.3,0
528.35,0
528.4,0
528.45,0
528.5,0
528.55,0
528.6,0
528.65,0
528.7,2
528.75,2
528.8,2
528.85,2
528.9,2
528.95,2
529.0,2
529.05,2
529.1,2
529.15,2
529.2,2
529.25,2
529.3,2
529.35,2
529.4,2
529.45,2
529.5,2
529.55,2
529.6,2
529.65,2
529.7,2
529.75,2
529.8,0
529.85,0
529.9,0
529.95,0
530.0,0
530.05,0
530.1,0
530.15,0
530.2,0
530.25,0
530.3,0
530.35,0
530.4,0
530.45,2
530.5,2
530.55,2
530.6,2
530.65,2
530.7,2
530.75,2
530.8,2
530.85,2
530.9,2
530.95,2
531.0,2
531.05,2
531.1,2
531.15,2
531.2,2
531.25,0
531.3,0
531.35,0
531.4,0
531.45,0
531.5,0
531.55,0
531.6,0
531.65,0
531.7,0
531.75,0
531.8,0
531.85,0
531.9,2
531.95,2
532.0,2
532.05,2
532.1,2
532.15,2
532.2,2
532.25,2
532.3,2
532.35,2
532.4,2
532.45,2
532.5,2
532.55,2
532.6,2
532.65,2
532.7,2
532.75,2
532.8,2
532.85,2
532.9,2
532.95,2
533.0,2
533.05,2
533.1,2
533.15,2
533.2,2
533.25,2
533.3,2
533.35,2
533.4,2
533.45,2
533.5,2
533.55,2
533.6,2
533.65,2
533.7,2
533.75,2
533.8,2
533.85,2
533.9,2
533.95,2
534.0,2
534.05,2
534.1,2
534.15,2
534.2,2
534.25,2
534.3,2
534.35,2
534.4,2
534.45,2
534.5,2
534.55,2
534.6,2
534.65,2
534.7,2
534.75,2
534.8,2
534.85,2
534.9,2
534.95,2
535.0,2
535.05,2
535.1,2
535.15,0
535.2,0
535.25,0
535.3,0
535.35,0
535.4,0
535.45,0
535.5,0
535.55,0
535.6,0
535.65,0
535.7,0
535.75,0
535.8,0
535.85,0
535.9,0
535.95,0
536.0,0
536.05,0
536.1,0
536.15,0
536.2,0
536.25,0
536.3,0
536.35,0
536.4,0
536.45,0
536.5,0
536.55,0
536.6,0
536.65,0
536.7,0
536.75,0
536.8,0
536.85,0
536.9,0
536.95,0
537.0,0
537.05,0
537.1,0
537.15,0
537.2,0
537.25,0
537.3,0
537.35,0
537.4,0
537.45,0
537.5,0
537.55,0
537.6,0
537.65,0
537.7,0
537.75,0
537.8,0
537.85,0
537.9,0
537.95,0
538.0,0
538.05,0
538.1,0
538.15,0
538.2,0
538.25,0
538.3,0
538.35,0
538.4,0
538.45,0
538.5,0
538.55,0
538.6,0
538.65,0
538.7,0
538.75,0
538.8,0
538.85,0
538.9,0
538.95,0
539.0,0
539.05,0
539.1,0
539.15,0
539.2,0
539.25,0
539.3,0
539.35,0
539.4,0
539.45,0
539.5,0
539.55,0
539.6,0
539.65,0
539.7,0
539.75,0
539.8,0
539.85,0
539.9,0
539.95,0
540.0,0
540.05,0
540.1,0
540.15,0
540.2,0
540.25,0
540.3,0
540.35,2
540.4,2
540.45,2
540.5,2
540.55,2
540.6,2
540.65,2
540.7,2
540.75,2
540.8,2
540.85,2
540.9,2
540.95,2
541.0,2
541.05,2
541.1,2
541.15,2
541.2,2
541.25,2
541.3,2
541.35,2
541.4,2
541.45,2
541.5,2
541.55,2
541.6,2
541.65,2
541.7,2
541.75,2
541.8,2
541.85,2
541.9,2
541.95,2
542.0,2
542.05,2
542.1,2
542.15,2
542.2,2
542.25,2
542.3,2
542.35,2
542.4,2
542.45,2
542.5,2
542.55,2
542.6,2
542.65,2
542.7,2
542.75,2
542.8,0
542.85,0
542.9,0
542.95,0
543.0,0
543.05,0
543.1,0
543.15,0
543.2,0
543.25,0
543.3,0
543.35,0
543.4,0
543.45,0
543.5,0
543.55,0
543.6,0
543.65,0
543.7,0
543.75,0
543.8,0
543.85,0
543.9,0
543.95,0
544.0,0
544.05,0
544.1,0
544.15,0
544.2,0
544.25,0
544.3,0
544.35,0
544.4,0
544.45,0
544.5,0
544.55,0
544.6,0
544.65,0
544.7,0
544.75,0
544.8,0
544.85,0
544.9,0
544.95,0
545.0,0
545.05,0
545.1,0
545.15,0
545.2,0
545.25,0
545.3,0
545.35,0
545.4,0
545.45,0
545.5,0
545.55,0
545.6,0
545.65,0
545.7,0
545.75,0
545.8,0
545.85,0
545.9,0
545.95,0
546.0,0
546.05,0
546.1,0
546.15,0
546.2,0
546.25,0
546.3,0
546.35,0
546.4,0
546.45,0
546.5,0
546.55,0
546.6,0
546.65,0
546.7,0
546.75,0
546.8,0
546.85,0
546.9,0
546.95,0
547.0,0
547.05,0
547.1,0
547.15,0
547.2,0
547.25,0
547.3,0
547.35,0
547.4,0
547.45,0
547.5,0
547.55,0
547.6,0
547.65,0
547.7,0
547.75,0
547.8,0
547.85,0
547.9,0
547.95,0
548.0,0
548.05,0
548.1,0
548.15,0
548.2,0
548.25,0
548.3,0
548.35,0
548.4,0
548.45,0
548.5,0
548.55,0
548.6,0
548.65,0
548.7,0
548.75,0
548.8,0
548.85,0
548.9,0
548.95,0
549.0,0
549.05,0
549.1,0
549.15,0
549.2,0
549.25,0
549.3,0
549.35,0
549.4,0
549.45,0
549.5,0
549.55,0
549.6,0
549.65,0
549.7,0
549.75,0
549.8,0
549.85,0
549.9,0
549.95,0
550.0,0
550.05,0
550.1,0
550.15,0
550.2,0
550.25,0
550.3,0
550.35,0
550.4,0
550.45,0
550.5,0
550.55,0
550.6,0
550.65,0
550.7,0
550.75,0
550.8,0
550.85,0
550.9,0
550.95,0
551.0,0
551.05,0
551.1,0
551.15,0
551.2,0
551.25,0
551.3,0
551.35,0
551.4,0
551.45,0
551.5,0
551.55,0
551.6,0
551.65,0
551.7,0
551.75,0
551.8,0
551.85,0
551.9,0
551.95,0
552.0,0
552.05,0
552.1,0
552.15,0
552.2,0
552.25,0
552.3,0
552.35,0
552.4,0
552.45,0
552.5,0
552.55,0
552.6,0
552.65,0
552.7,0
552.75,0
552.8,0
552.85,0
552.9,0
552.95,0
553.0,0
553.05,0
553.1,0
553.15,0
553.2,0
553.25,0
553.3,0
553.35,0
553.4,0
553.45,0
553.5,0
553.55,0
553.6,0
553.65,0
553.7,0
553.75,0
553.8,0
553.85,0
553.9,0
553.95,0
554.0,0
554.05,0
554.1,0
554.15,0
554.2,0
554.25,0
554.3,0
554.35,0
554.4,0
554.45,0
554.5,0
554.55,0
554.6,0
554.65,0
554.7,0
554.75,0
554.8,0
554.85,0
554.9,0
554.95,0
555.0,0
555.05,0
555.1,0
555.15,0
555.2,0
555.25,0
555.3,0
555.35,0
555.4,0
555.45,0
555.5,0
555.55,0
555.6,0
555.65,0
555.7,0
555.75,0
555.8,0
555.85,0
555.9,0
555.95,0
556.0,0
556.05,0
556.1,0
556.15,0
556.2,0
556.25,0
556.3,0
556.35,0
556.4,0
556.45,0
556.5,0
556.55,2
556.6,2
556.65,2
556.7,2
556.75,2
556.8,2
556.85,2
556.9,2
556.95,2
557.0,2
557.05,2
557.1,2
557.15,2
557.2,2
557.25,2
557.3,2
557.35,2
557.4,2
557.45,2
557.5,2
557.55,2
557.6,2
557.65,2
557.7,2
557.75,2
557.8,2
557.85,2
557.9,2
557.95,2
558.0,2
558.05,2
558.1,2
558.15,2
558.2,2
558.25,2
558.3,2
558.35,2
558.4,2
558.45,2
558.5,2
558.55,2
558.6,2
558.65,2
558.7,2
558.75,2
558.8,2
558.85,2
558.9,2
558.95,2
559.0,2
559.05,2
559.1,2
559.15,2
559.2,2
559.25,2
559.3,2
559.35,2
559.4,2
559.45,2
559.5,2
559.55,2
559.6,2
559.65,2
559.7,2
559.75,2
559.8,2
559.85,2
559.9,2
559.95,2
560.0,2
560.05,2
560.1,0
560.15,0
560.2,0
560.25,0
560.3,0
560.35,0
560.4,0
560.45,0
560.5,0
560.55,0
560.6,0
560.65,0
560.7,0
560.75,0
560.8,0
560.85,0
560.9,0
560.95,0
561.0,0
561.05,0
561.1,0
561.15,0
561.2,1
561.25,1
561.3,1
561.35,1
561.4,1
561.45,1
561.5,1
561.55,1
561.6,0
561.65,0
561.7,0
561.75,0
561.8,0
561.85,0
561.9,0
561.95,0
562.0,0
562.05,0
562.1,0
562.15,0
562.2,2
562.25,2
562.3,2
562.35,2
562.4,2
562.45,2
562.5,2
562.55,2
562.6,2
562.65,2
562.7,2
562.75,2
562.8,2
562.85,2
562.9,2
562.95,2
563.0,2
563.05,2
563.1,2
563.15,2
563.2,2
563.25,2
563.3,2
563.35,2
563.4,2
563.45,2
563.5,2
563.55,2
563.6,2
563.65,2
563.7,2
563.75,2
563.8,2
563.85,2
563.9,2
563.95,2
564.0,2
564.05,2
564.1,2
564.15,2
564.2,2
564.25,2
564.3,2
564.35,2
564.4,2
564.45,2
564.5,2
564.55,2
564.6,2
564.65,2
564.7,2
564.75,2
564.8,2
564.85,2
564.9,2
564.95,2
565.0,2
565.05,2
565.1,2
565.15,2
565.2,2
565.25,2
565.3,2
565.35,2
565.4,2
565.45,2
565.5,2
565.55,2
565.6,2
565.65,2
565.7,2
565.75,2
565.8,2
565.85,2
565.9,2
565.95,2
566.0,2
566.05,2
566.1,2
566.15,2
566.2,2
566.25,2
566.3,2
566.35,2
566.4,2
566.45,2
566.5,2
566.55,2
566.6,2
566.65,2
566.7,2
566.75,2
566.8,2
566.85,2
566.9,2
566.95,2
567.0,2
567.05,2
567.1,2
567.15,2
567.2,2
567.25,2
567.3,2
567.35,2
567.4,2
567.45,2
567.5,2
567.55,2
567.6,2
567.65,2
567.7,2
567.75,2
567.8,2
567.85,2
567.9,2
567.95,2
568.0,2
568.05,2
568.1,2
568.15,2
568.2,2
568.25,2
568.3,2
568.35,2
568.4,2
568.45,2
568.5,2
568.55,2
568.6,2
568.65,2
568.7,2
568.75,2
568.8,2
568.85,2
568.9,2
568.95,2
569.0,2
569.05,2
569.1,2
569.15,2
569.2,2
569.25,2
569.3,2
569.35,2
569.4,2
569.45,2
569.5,2
569.55,2
569.6,2
569.65,2
569.7,2
569.75,2
569.8,2
569.85,0
569.9,0
569.95,0
570.0,0
570.05,0
570.1,0
570.15,0
570.2,0
570.25,0
570.3,0
570.35,0
570.4,0
570.45,0
570.5,0
570.55,0
570.6,0
570.65,0
570.7,0
570.75,0
570.8,0
570.85,0
570.9,0
570.95,0
571.0,0
571.05,0
571.1,0
571.15,0
571.2,0
571.25,0
571.3,0
571.35,0
571.4,0
571.45,0
571.5,0
571.55,0
571.6,0
571.65,0
571.7,0
571.75,0
571.8,0
571.85,0
571.9,0
571.95,0
572.0,0
572.05,0
572.1,0
572.15,0
572.2,0
572.25,0
572.3,0
572.35,0
572.4,0
572.45,0
572.5,0
572.55,0
572.6,0
572.65,0
572.7,0
572.75,0
572.8,0
572.85,0
572.9,0
572.95,0
573.0,0
573.05,0
573.1,0
573.15,0
573.2,0
573.25,0
573.3,0
573.35,0
573.4,0
573.45,0
573.5,0
573.55,0
573.6,0
573.65,0
573.7,0
573.75,0
573.8,0
573.85,0
573.9,0
573.95,0
574.0,0
574.05,0
574.1,0
574.15,0
574.2,0
574.25,0
574.3,0
574.35,0
574.4,0
574.45,0
574.5,0
574.55,0
574.6,0
574.65,0
574.7,0
574.75,0
574.8,0
574.85,0
574.9,0
574.95,0
575.0,0
575.05,0
575.1,0
575.15,0
575.2,0
575.25,0
575.3,0
575.35,0
575.4,0
575.45,0
575.5,0
575.55,0
575.6,0
575.65,0
575.7,0
575.75,0
575.8,0
575.85,0
575.9,0
575.95,0
576.0,0
576.05,0
576.1,0
576.15,0
576.2,0
576.25,0
576.3,0
576.35,0
576.4,0
576.45,0
576.5,0
576.55,0
576.6,0
576.65,0
576.7,0
576.75,0
576.8,0
576.85,0
576.9,0
576.95,0
577.0,0
577.05,0
577.1,0
577.15,0
577.2,0
577.25,0
577.3,0
577.35,0
577.4,0
577.45,0
577.5,0
577.55,0
577.6,0
577.65,0
577.7,0
577.75,0
577.8,0
577.85,0
577.9,0
577.95,0
578.0,0
578.05,0
578.1,0
578.15,0
578.2,0
578.25,0
578.3,0
578.35,0
578.4,0
578.45,0
578.5,0
578.55,0
578.6,0
578.65,0
578.7,0
578.75,0
578.8,0
578.85,0
578.9,0
578.95,0
579.0,0
579.05,0
579.1,0
579.15,0
579.2,0
579.25,0
579.3,0
579.35,0
579.4,0
579.45,0
579.5,0
579.55,0
579.6,0
579.65,0
579.7,0
579.75,0
579.8,0
579.85,0
579.9,0
579.95,0
580.0,0
580.05,0
580.1,0
580.15,0
580.2,0
580.25,0
580.3,0
580.35,0
580.4,0
580.45,0
580.5,0
580.55,0
580.6,0
580.65,0
580.7,0
580.75,0
580.8,0
580.85,0
580.9,0
580.95,0
581.0,0
581.05,0
581.1,0
581.15,0
581.2,0
581.25,0
581.3,0
581.35,0
581.4,0
581.45,0
581.5,0
581.55,0
581.6,0
581.65,0
581.7,2
581.75,2
581.8,2
581.85,2
581.9,2
581.95,2
582.0,2
582.05,2
582.1,2
582.15,2
582.2,2
582.25,2
582.3,2
582.35,2
582.4,2
582.45,2
582.5,2
582.55,2
582.6,2
582.65,2
582.7,2
582.75,2
582.8,2
582.85,2
582.9,2
582.95,2
583.0,2
583.05,2
583.1,2
583.15,2
583.2,2
583.25,2
583.3,2
583.35,2
583.4,2
583.45,2
583.5,2
583.55,2
583.6,2
583.65,2
583.7,2
583.75,2
583.8,2
583.85,2
583.9,2
583.95,2
584.0,2
584.05,2
584.1,2
584.15,2
584.2,2
584.25,2
584.3,2
584.35,2
584.4,2
584.45,2
584.5,2
584.55,2
584.6,2
584.65,2
584.7,2
584.75,2
584.8,2
584.85,2
584.9,2
584.95,2
585.0,2
585.05,2
585.1,2
585.15,2
585.2,2
585.25,2
585.3,2
585.35,2
585.4,2
585.45,2
585.5,2
585.55,2
585.6,2
585.65,2
585.7,0
585.75,0
585.8,0
585.85,0
585.9,0
585.95,0
586.0,0
586.05,0
586.1,0
586.15,0
586.2,0
586.25,0
586.3,0
586.35,0
586.4,0
586.45,0
586.5,0
586.55,0
586.6,0
586.65,0
586.7,0
586.75,0
586.8,0
586.85,0
586.9,0
586.95,0
587.0,0
587.05,0
587.1,0
587.15,0
587.2,0
587.25,0
587.3,0
587.35,0
587.4,0
587.45,0
587.5,0
587.55,0
587.6,0
587.65,0
587.7,0
587.75,0
587.8,0
587.85,0
587.9,0
587.95,0
588.0,0
588.05,0
588.1,0
588.15,0
588.2,0
588.25,0
588.3,0
588.35,0
588.4,0
588.45,0
588.5,0
588.55,0
588.6,0
588.65,0
588.7,0
588.75,0
588.8,0
588.85,0
588.9,0
588.95,0
589.0,0
589.05,0
589.1,0
589.15,0
589.2,0
589.25,0
589.3,0
589.35,0
589.4,0
589.45,0
589.5,0
589.55,0
589.6,0
589.65,0
589.7,0
589.75,0
589.8,0
589.85,0
589.9,0
589.95,0
590.0,0
590.05,0
590.1,0
590.15,0
590.2,0
590.25,0
590.3,0
590.35,0
590.4,0
590.45,0
590.5,0
590.55,0
590.6,0
590.65,0
590.7,0
590.75,0
590.8,0
590.85,0
590.9,0
590.95,0
591.0,0
591.05,0
591.1,0
591.15,0
591.2,0
591.25,0
591.3,0
591.35,0
591.4,0
591.45,0
591.5,0
591.55,0
591.6,0
591.65,0
591.7,0
591.75,0
591.8,0
591.85,0
591.9,0
591.95,0
592.0,0
592.05,0
592.1,0
592.15,0
592.2,0
592.25,0
592.3,0
592.35,0
592.4,0
592.45,0
592.5,0
592.55,0
592.6,0
592.65,0
592.7,0
592.75,0
592.8,0
592.85,0
592.9,0
592.95,0
593.0,0
593.05,0
593.1,0
593.15,0
593.2,0
593.25,0
593.3,0
593.35,0
593.4,0
593.45,0
593.5,0
593.55,0
593.6,0
593.65,0
593.7,0
593.75,0
593.8,0
593.85,0
593.9,0
593.95,0
594.0,0
594.05,0
594.1,0
594.15,0
594.2,0
594.25,0
594.3,0
594.35,0
594.4,0
594.45,0
594.5,0
594.55,0
594.6,0
594.65,0
594.7,0
594.75,0
594.8,0
594.85,0
594.9,0
594.95,0
595.0,0
595.05,0
595.1,0
595.15,0
595.2,0
595.25,0
595.3,0
595.35,0
595.4,0
595.45,0
595.5,0
595.55,0
595.6,0
595.65,0
595.7,0
595.75,0
595.8,0
595.85,0
595.9,0
595.95,0
596.0,0
596.05,0
596.1,0
596.15,0
596.2,0
596.25,0
596.3,0
596.35,0
596.4,0
596.45,0
596.5,0
596.55,0
596.6,0
596.65,0
596.7,0
596.75,0
596.8,0
596.85,0
596.9,0
596.95,0
597.0,0
597.05,0
597.1,0
597.15,0
597.2,0
597.25,0
597.3,0
597.35,0
597.4,0
597.45,0
597.5,0
597.55,0
597.6,0
597.65,0
597.7,0
597.75,0
597.8,0
597.85,0
597.9,0
597.95,0
598.0,0
598.05,0
598.1,0
598.15,0
598.2,0
598.25,0
598.3,0
598.35,0
598.4,0
598.45,0
598.5,0
598.55,0
598.6,0
598.65,0
598.7,0
598.75,0
598.8,0
598.85,0
598.9,0
598.95,0
599.0,0
599.05,0
599.1,0
599.15,0
599.2,0
599.25,0
599.3,0
599.35,0
599.4,0
599.45,0
599.5,0
599.55,0
599.6,0
599.65,0
599.7,0
599.75,2
599.8,2
599.85,2
599.9,2
599.95,2
600.0,2
600.05,2
600.1,2
600.15,2
600.2,2
600.25,2
600.3,2
600.35,2
600.4,2
600.45,2
600.5,2
600.55,2
600.6,2
600.65,2
600.7,2
600.75,2
600.8,2
600.85,2
600.9,2
600.95,2
601.0,2
601.05,2
601.1,2
601.15,2
601.2,2
601.25,2
601.3,2
601.35,2
601.4,2
601.45,2
601.5,2
601.55,2
601.6,2
601.65,2
601.7,2
601.75,2
601.8,2
601.85,2
601.9,2
601.95,2
602.0,2
602.05,2
602.1,2
602.15,2
602.2,2
602.25,2
602.3,2
602.35,2
602.4,2
602.45,2
602.5,2
602.55,2
602.6,2
602.65,2
602.7,2
602.75,2
602.8,2
602.85,2
602.9,2
602.95,2
603.0,2
603.05,2
603.1,2
603.15,2
603.2,2
603.25,2
603.3,0
603.35,0
603.4,0
603.45,0
603.5,0
603.55,0
603.6,0
603.65,0
603.7,0
603.75,0
603.8,0
603.85,0
603.9,0
603.95,0
604.0,0
604.05,0
604.1,0
604.15,0
604.2,0
604.25,0
604.3,0
604.35,0
604.4,0
604.45,0
604.5,0
604.55,0
604.6,0
604.65,0
604.7,0
604.75,0
604.8,0
604.85,0
604.9,0
604.95,0
605.0,0
605.05,0
605.1,0
605.15,0
605.2,0
605.25,0
605.3,0
605.35,0
605.4,0
605.45,0
605.5,0
605.55,0
605.6,0
605.65,0
605.7,0
605.75,0
605.8,0
605.85,0
605.9,0
605.95,0
606.0,0
606.05,0
606.1,0
606.15,0
606.2,0
606.25,0
606.3,0
606.35,0
606.4,0
606.45,0
606.5,0
606.55,1
606.6,1
606.65,1
606.7,1
606.75,1
606.8,1
606.85,1
606.9,1
606.95,1
607.0,1
607.05,1
607.1,1
607.15,1
607.2,1
607.25,1
607.3,2
607.35,2
607.4,2
607.45,2
607.5,2
607.55,2
607.6,2
607.65,2
607.7,2
607.75,2
607.8,2
607.85,2
607.9,2
607.95,2
608.0,2
608.05,2
608.1,2
608.15,2
608.2,2
608.25,2
608.3,2
608.35,2
608.4,2
608.45,2
608.5,2
608.55,2
608.6,2
608.65,2
608.7,2
608.75,0
608.8,0
608.85,0
608.9,0
608.95,0
609.0,0
609.05,0
609.1,0
609.15,0
609.2,0
609.25,0
609.3,0
609.35,0
609.4,0
609.45,0
609.5,0
609.55,0
609.6,0
609.65,0
609.7,0
609.75,0
609.8,0
609.85,0
609.9,0
609.95,0
610.0,0
610.05,0
610.1,0
610.15,0
610.2,0
610.25,0
610.3,0
610.35,0
610.4,0
610.45,0
610.5,0
610.55,0
610.6,0
610.65,0
610.7,0
610.75,0
610.8,0
610.85,0
610.9,0
610.95,0
611.0,0
611.05,0
611.1,0
611.15,0
611.2,0
611.25,0
611.3,0
611.35,0
611.4,0
611.45,0
611.5,0
611.55,0
611.6,0
611.65,0
611.7,0
611.75,0
611.8,0
611.85,0
611.9,0
611.95,0
612.0,0
612.05,0
612.1,0
612.15,0
612.2,0
612.25,0
612.3,0
612.35,0
612.4,0
612.45,0
612.5,0
612.55,0
612.6,0
612.65,0
612.7,0
612.75,0
612.8,0
612.85,0
612.9,0
612.95,0
613.0,0
613.05,0
613.1,0
613.15,0
613.2,0
613.25,0
613.3,0
613.35,0
613.4,0
613.45,0
613.5,0
613.55,0
613.6,0
613.65,0
613.7,0
613.75,0
613.8,0
613.85,0
613.9,0
613.95,0
614.0,0
614.05,0
614.1,0
614.15,0
614.2,0
614.25,0
614.3,0
614.35,0
614.4,0
614.45,0
614.5,0
614.55,0
614.6,0
614.65,0
614.7,0
614.75,0
614.8,0
614.85,0
614.9,0
614.95,0
615.0,0
615.05,0
615.1,0
615.15,0
615.2,0
615.25,0
615.3,0
615.35,0
615.4,0
615.45,0
615.5,0
615.55,0
615.6,0
615.65,0
615.7,0
615.75,0
615.8,0
615.85,0
615.9,0
615.95,0
616.0,0
616.05,0
616.1,0
616.15,0
616.2,0
616.25,0
616.3,0
616.35,0
616.4,0
616.45,0
616.5,0
616.55,0
616.6,0
616.65,0
616.7,0
616.75,0
616.8,0
616.85,0
616.9,0
616.95,0
617.0,0
617.05,0
617.1,0
617.15,0
617.2,0
617.25,0
617.3,0
617.35,0
617.4,0
617.45,0
617.5,0
617.55,0
617.6,0
617.65,0
617.7,0
617.75,0
617.8,0
617.85,0
617.9,0
617.95,0
618.0,0
618.05,0
618.1,0
618.15,0
618.2,0
618.25,0
618.3,0
618.35,0
618.4,0
618.45,0
618.5,0
618.55,0
618.6,0
618.65,0
618.7,0
618.75,0
618.8,0
618.85,0
618.9,0
618.95,0
619.0,0
619.05,0
619.1,0
619.15,0
619.2,0
619.25,0
619.3,0
619.35,0
619.4,0
619.45,0
619.5,0
619.55,0
619.6,0
619.65,0
619.7,0
619.75,0
619.8,0
619.85,0
619.9,0
619.95,0
620.0,0
620.05,0
620.1,0
620.15,0
620.2,0
620.25,0
620.3,0
620.35,0
620.4,0
620.45,0
620.5,0
620.55,0
620.6,0
620.65,0
620.7,0
620.75,0
620.8,0
620.85,0
620.9,0
620.95,0
621.0,0
621.05,0
621.1,0
621.15,0
621.2,0
621.25,0
621.3,0
621.35,0
621.4,0
621.45,0
621.5,2
621.55,2
621.6,2
621.65,2
621.7,2
621.75,2
621.8,2
621.85,2
621.9,2
621.95,2
622.0,2
622.05,2
622.1,2
622.15,2
622.2,2
622.25,2
622.3,2
622.35,2
622.4,2
622.45,2
622.5,2
622.55,2
622.6,2
622.65,2
622.7,2
622.75,2
622.8,2
622.85,2
622.9,2
622.95,2
623.0,0
623.05,0
623.1,0
623.15,0
623.2,0
623.25,0
623.3,0
623.35,0
623.4,0
623.45,0
623.5,0
623.55,0
623.6,0
623.65,0
623.7,0
623.75,0
623.8,0
623.85,0
623.9,0
623.95,0
624.0,0
624.05,0
624.1,0
624.15,0
624.2,0
624.25,0
624.3,0
624.35,0
624.4,0
624.45,0
624.5,0
624.55,0
624.6,0
624.65,0
624.7,0
624.75,0
624.8,0
624.85,0
624.9,0
624.95,0
625.0,0
625.05,0
625.1,2
625.15,2
625.2,2
625.25,2
625.3,2
625.35,2
625.4,2
625.45,2
625.5,2
625.55,2
625.6,2
625.65,2
625.7,2
625.75,2
625.8,2
625.85,0
625.9,0
625.95,0
626.0,0
626.05,0
626.1,0
626.15,0
626.2,0
626.25,0
626.3,0
626.35,0
626.4,0
626.45,0
626.5,0
626.55,0
626.6,0
626.65,0
626.7,0
626.75,0
626.8,0
626.85,0
626.9,0
626.95,0
627.0,0
627.05,0
627.1,0
627.15,0
627.2,2
627.25,2
627.3,2
627.35,2
627.4,2
627.45,2
627.5,2
627.55,2
627.6,2
627.65,2
627.7,2
627.75,2
627.8,2
627.85,2
627.9,2
627.95,2
628.0,2
628.05,2
628.1,2
628.15,2
628.2,2
628.25,2
628.3,2
628.35,2
628.4,2
628.45,2
628.5,2
628.55,2
628.6,0
628.65,0
628.7,0
628.75,0
628.8,0
628.85,0
628.9,0
628.95,0
629.0,0
629.05,0
629.1,0
629.15,0
629.2,0
629.25,0
629.3,0
629.35,0
629.4,0
629.45,0
629.5,0
629.55,0
629.6,0
629.65,2
629.7,2
629.75,2
629.8,2
629.85,2
629.9,2
629.95,2
630.0,2
630.05,2
630.1,2
630.15,2
630.2,2
630.25,2
630.3,0
630.35,0
630.4,0
630.45,0
630.5,0
630.55,0
630.6,0
630.65,0
630.7,0
630.75,0
630.8,0
630.85,0
630.9,0
630.95,0
631.0,0
631.05,0
631.1,0
631.15,0
631.2,0
631.25,0
631.3,0
631.35,0
631.4,0
631.45,0
631.5,0
631.55,0
631.6,0
631.65,0
631.7,0
631.75,0
631.8,0
631.85,0
631.9,0
631.95,0
632.0,0
632.05,0
632.1,0
632.15,0
632.2,0
632.25,0
632.3,0
632.35,0
632.4,0
632.45,0
632.5,0
632.55,0
632.6,0
632.65,0
632.7,0
632.75,0
632.8,0
632.85,0
632.9,0
632.95,0
633.0,0
633.05,0
633.1,0
633.15,0
633.2,0
633.25,0
633.3,0
633.35,0
633.4,0
633.45,0
633.5,0
633.55,0
633.6,2
633.65,2
633.7,2
633.75,2
633.8,2
633.85,2
633.9,2
633.95,2
634.0,2
634.05,2
634.1,2
634.15,2
634.2,2
634.25,2
634.3,2
634.35,2
634.4,2
634.45,2
634.5,2
634.55,2
634.6,2
634.65,2
634.7,2
634.75,2
634.8,2
634.85,2
634.9,2
634.95,2
635.0,2
635.05,2
635.1,2
635.15,2
635.2,2
635.25,2
635.3,2
635.35,2
635.4,2
635.45,2
635.5,0
635.55,0
635.6,0
635.65,0
635.7,0
635.75,0
635.8,0
635.85,0
635.9,0
635.95,0
636.0,0
636.05,0
636.1,0
636.15,0
636.2,0
636.25,0
636.3,0
636.35,0
636.4,0
636.45,0
636.5,0
636.55,0
636.6,0
636.65,0
636.7,0
636.75,0
636.8,2
636.85,2
636.9,2
636.95,2
637.0,2
637.05,2
637.1,2
637.15,2
637.2,2
637.25,2
637.3,0
637.35,0
637.4,0
637.45,0
637.5,0
637.55,0
637.6,0
637.65,0
637.7,0
637.75,0
637.8,0
637.85,0
637.9,0
637.95,0
638.0,0
638.05,0
638.1,0
638.15,0
638.2,0
638.25,0
638.3,0
638.35,0
638.4,0
638.45,0
638.5,0
638.55,0
638.6,0
638.65,0
638.7,0
638.75,0
638.8,0
638.85,0
638.9,0
638.95,0
639.0,0
639.05,0
639.1,0
639.15,0
639.2,0
639.25,0
639.3,0
639.35,0
639.4,0
639.45,0
639.5,0
639.55,0
639.6,0
639.65,0
639.7,0
639.75,0
639.8,0
639.85,0
639.9,0
639.95,0
640.0,0
640.05,0
640.1,0
640.15,0
640.2,0
640.25,0
640.3,0
640.35,1
640.4,1
640.45,1
640.5,1
640.55,1
640.6,1
640.65,1
640.7,1
640.75,1
640.8,1
640.85,1
640.9,1
640.95,1
641.0,1
641.05,1
641.1,1
641.15,1
641.2,1
641.25,1
641.3,1
641.35,1
641.4,1
641.45,1
641.5,1
641.55,1
641.6,1
641.65,1
641.7,1
641.75,1
641.8,1
641.85,1
641.9,1
641.95,1
642.0,1
642.05,1
642.1,1
642.15,1
642.2,1
642.25,1
642.3,1
642.35,1
642.4,1
642.45,1
642.5,1
642.55,1
642.6,1
642.65,1
642.7,1
642.75,1
642.8,1
642.85,2
642.9,2
642.95,2
643.0,2
643.05,2
643.1,2
643.15,2
643.2,2
643.25,2
643.3,2
643.35,2
643.4,2
643.45,2
643.5,2
643.55,2
643.6,2
643.65,2
643.7,2
643.75,2
643.8,2
643.85,2
643.9,2
643.95,2
644.0,2
644.05,2
644.1,2
644.15,2
644.2,2
644.25,2
644.3,2
644.35,2
644.4,2
644.45,2
644.5,2
644.55,2
644.6,2
644.65,2
644.7,0
644.75,0
644.8,0
644.85,0
644.9,0
644.95,0
645.0,0
645.05,0
645.1,0
645.15,0
645.2,0
645.25,0
645.3,0
645.35,0
645.4,0
645.45,0
645.5,0
645.55,0
645.6,0
645.65,0
645.7,2
645.75,2
645.8,2
645.85,2
645.9,2
645.95,2
646.0,2
646.05,2
646.1,2
646.15,2
646.2,2
646.25,2
646.3,2
646.35,2
646.4,2
646.45,2
646.5,2
646.55,0
646.6,0
646.65,0
646.7,0
646.75,0
646.8,0
646.85,0
646.9,0
646.95,0
647.0,0
647.05,0
647.1,0
647.15,0
647.2,0
647.25,0
647.3,0
647.35,0
647.4,0
647.45,2
647.5,2
647.55,2
647.6,2
647.65,2
647.7,2
647.75,2
647.8,2
647.85,2
647.9,2
647.95,2
648.0,2
648.05,2
648.1,2
648.15,2
648.2,2
648.25,2
648.3,2
648.35,2
648.4,2
648.45,2
648.5,2
648.55,2
648.6,2
648.65,2
648.7,2
648.75,2
648.8,2
648.85,2
648.9,2
648.95,2
649.0,2
649.05,2
649.1,2
649.15,2
649.2,2
649.25,2
649.3,2
649.35,2
649.4,2
649.45,2
649.5,2
649.55,2
649.6,2
649.65,2
649.7,2
649.75,2
649.8,2
649.85,2
649.9,2
649.95,2
650.0,2
650.05,2
650.1,2
650.15,2
650.2,2
650.25,2
650.3,2
650.35,2
650.4,2
650.45,2
650.5,2
650.55,2
650.6,2
650.65,2
650.7,2
650.75,2
650.8,2
650.85,2
650.9,2
650.95,2
651.0,2
651.05,2
651.1,2
651.15,2
651.2,2
651.25,2
651.3,2
651.35,2
651.4,0
651.45,0
651.5,0
651.55,0
651.6,0
651.65,0
651.7,0
651.75,0
651.8,0
651.85,0
651.9,0
651.95,0
652.0,0
652.05,0
652.1,0
652.15,0
652.2,0
652.25,0
652.3,0
652.35,0
652.4,0
652.45,0
652.5,0
652.55,0
652.6,0
652.65,0
652.7,0
652.75,0
652.8,0
652.85,0
652.9,0
652.95,0
653.0,0
653.05,0
653.1,0
653.15,0
653.2,0
653.25,0
653.3,0
653.35,0
653.4,0
653.45,0
653.5,0
653.55,0
653.6,0
653.65,0
653.7,0
653.75,0
653.8,0
653.85,0
653.9,0
653.95,0
654.0,0
654.05,0
654.1,2
654.15,2
654.2,2
654.25,2
654.3,2
654.35,2
654.4,2
654.45,2
654.5,2
654.55,2
654.6,2
654.65,2
654.7,2
654.75,0
654.8,0
654.85,0
654.9,0
654.95,0
655.0,0
655.05,0
655.1,0
655.15,0
655.2,0
655.25,0
655.3,0
655.35,0
655.4,0
655.45,0
655.5,0
655.55,0
655.6,0
655.65,0
655.7,0
655.75,0
655.8,0
655.85,0
655.9,0
655.95,0
656.0,0
656.05,0
656.1,0
656.15,0
656.2,0
656.25,2
656.3,2
656.35,2
656.4,2
656.45,2
656.5,2
656.55,2
656.6,0
656.65,0
656.7,0
656.75,0
656.8,0
656.85,0
656.9,0
656.95,0
657.0,0
657.05,0
657.1,0
657.15,0
657.2,0
657.25,0
657.3,0
657.35,0
657.4,0
657.45,0
657.5,0
657.55,0
657.6,0
657.65,0
657.7,0
657.75,0
657.8,0
657.85,0
657.9,0
657.95,0
658.0,0
658.05,0
658.1,2
658.15,2
658.2,2
658.25,2
658.3,2
658.35,2
658.4,2
658.45,2
658.5,2
658.55,2
658.6,2
658.65,2
658.7,2
658.75,2
658.8,2
658.85,2
658.9,2
658.95,2
659.0,2
659.05,2
659.1,2
659.15,2
659.2,2
659.25,2
659.3,2
659.35,2
659.4,2
659.45,2
659.5,2
659.55,2
659.6,2
659.65,2
659.7,2
659.75,2
659.8,2
659.85,2
659.9,2
659.95,2
660.0,2
660.05,2
660.1,2
660.15,2
660.2,2
660.25,2
660.3,2
660.35,0
660.4,0
660.45,0
660.5,0
660.55,0
660.6,0
660.65,0
660.7,0
660.75,0
660.8,0
660.85,0
660.9,0
660.95,0
661.0,0
661.05,0
661.1,0
661.15,0
661.2,0
661.25,0
661.3,0
661.35,0
661.4,0
661.45,0
661.5,2
661.55,2
661.6,2
661.65,2
661.7,2
661.75,2
661.8,2
661.85,2
661.9,2
661.95,2
662.0,2
662.05,2
662.1,0
662.15,0
662.2,0
662.25,0
662.3,0
662.35,0
662.4,0
662.45,0
662.5,0
662.55,0
662.6,0
662.65,0
662.7,0
662.75,0
662.8,0
662.85,0
662.9,0
662.95,0
663.0,0
663.05,0
663.1,0
663.15,0
663.2,0
663.25,0
663.3,0
663.35,0
663.4,0
663.45,0
663.5,0
663.55,0
663.6,0
663.65,0
663.7,0
663.75,0
663.8,0
663.85,0
663.9,0
663.95,0
664.0,0
664.05,0
664.1,0
664.15,0
664.2,0
664.25,0
664.3,0
664.35,0
664.4,0
664.45,0
664.5,0
664.55,0
664.6,0
664.65,0
664.7,0
664.75,0
664.8,0
664.85,0
664.9,0
664.95,0
665.0,0
665.05,2
665.1,2
665.15,2
665.2,2
665.25,2
665.3,2
665.35,2
665.4,2
665.45,2
665.5,2
665.55,2
665.6,2
665.65,2
665.7,2
665.75,2
665.8,2
665.85,2
665.9,2
665.95,2
666.0,2
666.05,2
666.1,2
666.15,2
666.2,2
666.25,2
666.3,2
666.35,2
666.4,2
666.45,2
666.5,2
666.55,2
666.6,2
666.65,2
666.7,2
666.75,2
666.8,2
666.85,2
666.9,2
666.95,2
667.0,2
667.05,2
667.1,2
667.15,2
667.2,2
667.25,2
667.3,2
667.35,2
667.4,2
667.45,2
667.5,2
667.55,2
667.6,2
667.65,2
667.7,2
667.75,2
667.8,2
667.85,2
667.9,2
667.95,2
668.0,2
668.05,2
668.1,2
668.15,2
668.2,2
668.25,2
668.3,2
668.35,2
668.4,2
668.45,2
668.5,2
668.55,2
668.6,2
668.65,2
668.7,2
668.75,2
668.8,2
668.85,2
668.9,2
668.95,2
669.0,2
669.05,2
669.1,2
669.15,2
669.2,2
669.25,2
669.3,2
669.35,2
669.4,2
669.45,2
669.5,2
669.55,2
669.6,0
669.65,0
669.7,0
669.75,0
669.8,0
669.85,0
669.9,0
669.95,0
670.0,0
670.05,0
670.1,0
670.15,0
670.2,0
670.25,0
670.3,0
670.35,0
670.4,0
670.45,0
670.5,0
670.55,0
670.6,0
670.65,0
670.7,0
670.75,0
670.8,0
670.85,0
670.9,2
670.95,2
671.0,2
671.05,2
671.1,2
671.15,2
671.2,2
671.25,2
671.3,2
671.35,2
671.4,2
671.45,0
671.5,0
671.55,0
671.6,0
671.65,0
671.7,0
671.75,0
671.8,0
671.85,0
671.9,0
671.95,0
672.0,0
672.05,0
672.1,0
672.15,0
672.2,0
672.25,0
672.3,0
672.35,0
672.4,0
672.45,0
672.5,0
672.55,0
672.6,0
672.65,0
672.7,0
672.75,0
672.8,0
672.85,0
672.9,0
672.95,0
673.0,0
673.05,0
673.1,2
673.15,2
673.2,2
673.25,2
673.3,2
673.35,2
673.4,2
673.45,2
673.5,2
673.55,2
673.6,2
673.65,2
673.7,0
673.75,0
673.8,0
673.85,0
673.9,0
673.95,0
674.0,0
674.05,0
674.1,0
674.15,0
674.2,0
674.25,0
674.3,0
674.35,0
674.4,0
674.45,0
674.5,0
674.55,0
674.6,0
674.65,0
674.7,0
674.75,0
674.8,0
674.85,0
674.9,0
674.95,0
675.0,0
675.05,0
675.1,0
675.15,0
675.2,0
675.25,0
675.3,0
675.35,0
675.4,0
675.45,0
675.5,2
675.55,2
675.6,2
675.65,2
675.7,2
675.75,2
675.8,2
675.85,2
675.9,2
675.95,1
676.0,1
676.05,1
676.1,1
676.15,1
676.2,1
676.25,1
676.3,1
676.35,1
676.4,1
676.45,1
676.5,1
676.55,1
676.6,1
676.65,1
676.7,1
676.75,1
676.8,1
676.85,1
676.9,1
676.95,1
677.0,1
677.05,1
677.1,1
677.15,1
677.2,1
677.25,1
677.3,1
677.35,1
677.4,1
677.45,1
677.5,1
677.55,1
677.6,1
677.65,1
677.7,1
677.75,1
677.8,1
677.85,1
677.9,1
677.95,1
678.0,1
678.05,1
678.1,1
678.15,1
678.2,1
678.25,1
678.3,1
678.35,1
678.4,1
678.45,1
678.5,1
678.55,1
678.6,1
678.65,1
678.7,1
678.75,1
678.8,1
678.85,2
678.9,2
678.95,2
679.0,0
679.05,0
679.1,0
679.15,0
679.2,0
679.25,0
679.3,0
679.35,0
679.4,0
679.45,0
679.5,0
679.55,0
679.6,0
679.65,0
679.7,0
679.75,0
679.8,0
679.85,0
679.9,0
679.95,0
680.0,0
680.05,0
680.1,0
680.15,0
680.2,0
680.25,0
680.3,0
680.35,0
680.4,0
680.45,0
680.5,0
680.55,0
680.6,0
680.65,0
680.7,0
680.75,0
680.8,0
680.85,0
680.9,0
680.95,0
681.0,0
681.05,0
681.1,0
681.15,0
681.2,0
681.25,0
681.3,0
681.35,0
681.4,0
681.45,0
681.5,0
681.55,0
681.6,0
681.65,0
681.7,0
681.75,0
681.8,0
681.85,0
681.9,0
681.95,0
682.0,0
682.05,0
682.1,0
682.15,0
682.2,2
682.25,2
682.3,2
682.35,2
682.4,2
682.45,2
682.5,2
682.55,2
682.6,2
682.65,2
682.7,2
682.75,2
682.8,2
682.85,2
682.9,2
682.95,2
683.0,2
683.05,2
683.1,2
683.15,2
683.2,2
683.25,2
683.3,2
683.35,2
683.4,2
683.45,2
683.5,2
683.55,2
683.6,2
683.65,2
683.7,2
683.75,2
683.8,0
683.85,0
683.9,0
683.95,0
684.0,0
684.05,0
684.1,0
684.15,0
684.2,0
684.25,0
684.3,0
684.35,0
684.4,0
684.45,0
684.5,0
684.55,0
684.6,0
684.65,0
684.7,0
684.75,0
684.8,0
684.85,0
684.9,2
684.95,2
685.0,2
685.05,2
685.1,2
685.15,2
685.2,2
685.25,2
685.3,2
685.35,2
685.4,2
685.45,0
685.5,0
685.55,0
685.6,0
685.65,0
685.7,0
685.75,0
685.8,0
685.85,0
685.9,0
685.95,0
686.0,0
686.05,0
686.1,0
686.15,0
686.2,0
686.25,0
686.3,0
686.35,0
686.4,0
686.45,0
686.5,0
686.55,0
686.6,0
686.65,0
686.7,0
686.75,0
686.8,0
686.85,0
686.9,0
686.95,0
687.0,0
687.05,0
687.1,2
687.15,2
687.2,2
687.25,2
687.3,2
687.35,2
687.4,2
687.45,2
687.5,2
687.55,2
687.6,2
687.65,2
687.7,2
687.75,2
687.8,2
687.85,2
687.9,2
687.95,2
688.0,2
688.05,2
688.1,2
688.15,2
688.2,2
688.25,2
688.3,2
688.35,2
688.4,2
688.45,2
688.5,2
688.55,2
688.6,0
688.65,0
688.7,0
688.75,0
688.8,0
688.85,0
688.9,0
688.95,0
689.0,0
689.05,0
689.1,0
689.15,0
689.2,0
689.25,0
689.3,0
689.35,0
689.4,0
689.45,0
689.5,0
689.55,0
689.6,2
689.65,2
689.7,2
689.75,2
689.8,2
689.85,2
689.9,2
689.95,2
690.0,2
690.05,2
690.1,2
690.15,2
690.2,2
690.25,2
690.3,2
690.35,0
690.4,0
690.45,0
690.5,0
690.55,0
690.6,0
690.65,0
690.7,0
690.75,0
690.8,0
690.85,0
690.9,0
690.95,0
691.0,0
691.05,0
691.1,0
691.15,0
691.2,0
691.25,0
691.3,0
691.35,0
691.4,0
691.45,0
691.5,2
691.55,2
691.6,2
691.65,2
691.7,2
691.75,2
691.8,2
691.85,2
691.9,2
691.95,2
692.0,2
692.05,2
692.1,2
692.15,2
692.2,2
692.25,2
692.3,2
692.35,2
692.4,2
692.45,2
692.5,2
692.55,2
692.6,2
692.65,2
692.7,2
692.75,2
692.8,2
692.85,2
692.9,2
692.95,2
693.0,2
693.05,2
693.1,2
693.15,2
693.2,0
693.25,0
693.3,0
693.35,0
693.4,0
693.45,0
693.5,0
693.55,0
693.6,0
693.65,0
693.7,0
693.75,0
693.8,0
693.85,0
693.9,0
693.95,0
694.0,0
694.05,0
694.1,0
694.15,0
694.2,0
694.25,0
694.3,0
694.35,0
694.4,0
694.45,0
694.5,0
694.55,0
694.6,0
694.65,0
694.7,0
694.75,0
694.8,2
694.85,2
694.9,2
694.95,2
695.0,2
695.05,2
695.1,2
695.15,2
695.2,2
695.25,2
695.3,2
695.35,2
695.4,2
695.45,2
695.5,2
695.55,2
695.6,2
695.65,2
695.7,0
695.75,0
695.8,0
695.85,0
695.9,0
695.95,0
696.0,0
696.05,0
696.1,0
696.15,0
696.2,0
696.25,0
696.3,0
696.35,0
696.4,0
696.45,0
696.5,0
696.55,0
696.6,0
696.65,0
696.7,0
696.75,0
696.8,2
696.85,2
696.9,2
696.95,2
697.0,2
697.05,2
697.1,2
697.15,2
697.2,2
697.25,2
697.3,2
697.35,2
697.4,2
697.45,2
697.5,2
697.55,2
697.6,2
697.65,2
697.7,2
697.75,2
697.8,2
697.85,2
697.9,2
697.95,2
698.0,2
698.05,2
698.1,2
698.15,2
698.2,2
698.25,2
698.3,2
698.35,2
698.4,0
698.45,0
698.5,0
698.55,0
698.6,0
698.65,0
698.7,0
698.75,0
698.8,0
698.85,0
698.9,0
698.95,0
699.0,0
699.05,0
699.1,0
699.15,0
699.2,0
699.25,0
699.3,0
699.35,0
699.4,0
699.45,0
699.5,0
699.55,0
699.6,0
699.65,0
699.7,0
699.75,0
699.8,0
699.85,0
699.9,0
699.95,0
700.0,0
700.05,0
700.1,0
700.15,0
700.2,0
700.25,0
700.3,0
700.35,0
700.4,0
700.45,2
700.5,2
700.55,2
700.6,2
700.65,2
700.7,2
700.75,2
700.8,2
700.85,2
700.9,2
700.95,2
701.0,2
701.05,2
701.1,2
701.15,2
701.2,2
701.25,2
701.3,2
701.35,2
701.4,2
701.45,2
701.5,2
701.55,2
701.6,2
701.65,2
701.7,2
701.75,2
701.8,2
701.85,2
701.9,2
701.95,2
702.0,2
702.05,2
702.1,2
702.15,2
702.2,2
702.25,2
702.3,2
702.35,2
702.4,2
702.45,2
702.5,2
702.55,2
702.6,2
702.65,2
702.7,2
702.75,2
702.8,2
702.85,2
702.9,2
702.95,2
703.0,2
703.05,2
703.1,2
703.15,2
703.2,2
703.25,2
703.3,2
703.35,2
703.4,2
703.45,2
703.5,2
703.55,2
703.6,2
703.65,2
703.7,2
703.75,2
703.8,2
703.85,2
703.9,2
703.95,2
704.0,2
704.05,2
704.1,2
704.15,2
704.2,2
704.25,2
704.3,2
704.35,2
704.4,2
704.45,2
704.5,2
704.55,2
704.6,2
704.65,2
704.7,2
704.75,2
704.8,2
704.85,2
704.9,2
704.95,2
705.0,2
705.05,2
705.1,2
705.15,2
705.2,2
705.25,2
705.3,2
705.35,2
705.4,2
705.45,2
705.5,2
705.55,2
705.6,2
705.65,2
705.7,2
705.75,0
705.8,0
705.85,0
705.9,0
705.95,0
706.0,0
706.05,0
706.1,0
706.15,0
706.2,0
706.25,0
706.3,0
706.35,0
706.4,0
706.45,0
706.5,2
706.55,2
706.6,2
706.65,2
706.7,2
706.75,2
706.8,2
706.85,2
706.9,2
706.95,2
707.0,2
707.05,2
707.1,2
707.15,2
707.2,2
707.25,2
707.3,0
707.35,0
707.4,0
707.45,0
707.5,0
707.55,0
707.6,0
707.65,0
707.7,0
707.75,0
707.8,0
707.85,0
707.9,2
707.95,2
708.0,2
708.05,2
708.1,2
708.15,2
708.2,2
708.25,2
708.3,2
708.35,2
708.4,2
708.45,2
708.5,2
708.55,2
708.6,2
708.65,2
708.7,2
708.75,2
708.8,2
708.85,2
708.9,2
708.95,2
709.0,2
709.05,2
709.1,2
709.15,2
709.2,2
709.25,2
709.3,2
709.35,2
709.4,2
709.45,2
709.5,0
709.55,0
709.6,0
709.65,0
709.7,0
709.75,0
709.8,0
709.85,0
709.9,0
709.95,0
710.0,0
710.05,0
710.1,2
710.15,2
710.2,2
710.25,2
710.3,2
710.35,2
710.4,2
710.45,2
710.5,2
710.55,2
710.6,2
710.65,2
710.7,2
710.75,2
710.8,2
710.85,0
710.9,0
710.95,0
711.0,0
711.05,0
711.1,0
711.15,2
711.2,2
711.25,2
711.3,2
711.35,2
711.4,2
711.45,2
711.5,2
711.55,2
711.6,2
711.65,2
711.7,2
711.75,2
711.8,2
711.85,2
711.9,2
711.95,2
712.0,2
712.05,2
712.1,2
712.15,2
712.2,2
712.25,2
712.3,2
712.35,1
712.4,1
712.45,1
712.5,1
712.55,1
712.6,1
712.65,1
712.7,1
712.75,1
712.8,1
712.85,1
712.9,1
712.95,1
713.0,1
713.05,1
713.1,1
713.15,1
713.2,1
713.25,1
713.3,1
713.35,1
713.4,1
713.45,1
713.5,1
713.55,1
713.6,1
713.65,1
713.7,1
713.75,1
713.8,1
713.85,1
713.9,1
713.95,1
714.0,1
714.05,1
714.1,2
714.15,2
714.2,2
714.25,2
714.3,2
714.35,2
714.4,2
714.45,2
714.5,2
714.55,2
714.6,2
714.65,2
714.7,2
714.75,2
714.8,2
714.85,2
714.9,1
714.95,1
715.0,1
715.05,1
715.1,1
715.15,1
715.2,1
715.25,1
715.3,1
715.35,1
715.4,1
715.45,1
715.5,1
715.55,1
715.6,1
715.65,1
715.7,1
715.75,1
715.8,1
715.85,1
715.9,1
715.95,1
716.0,1
716.05,1
716.1,1
716.15,1
716.2,1
716.25,1
716.3,1
716.35,1
716.4,1
716.45,1
716.5,1
716.55,1
716.6,1
716.65,1
716.7,1
716.75,1
716.8,1
716.85,1
716.9,1
716.95,1
717.0,1
717.05,1
717.1,1
717.15,1
717.2,1
717.25,1
717.3,1
717.35,1
717.4,1
717.45,1
717.5,2
717.55,2
717.6,2
717.65,2
717.7,2
717.75,2
717.8,2
717.85,2
717.9,2
717.95,2
718.0,2
718.05,2
718.1,1
718.15,1
718.2,1
718.25,1
718.3,1
718.35,1
718.4,1
718.45,1
718.5,1
718.55,1
718.6,1
718.65,1
718.7,1
718.75,1
718.8,1
718.85,1
718.9,1
718.95,1
719.0,1
719.05,1
719.1,1
719.15,1
719.2,1
719.25,1
719.3,1
719.35,1
719.4,1
719.45,1
719.5,1
719.55,1
719.6,1
719.65,1
719.7,1
719.75,1
719.8,1
719.85,1
719.9,1
719.95,1
720.0,2
720.05,2
720.1,2
720.15,2
720.2,2
720.25,2
720.3,2
720.35,2
720.4,2
720.45,2
720.5,2
720.55,2
720.6,2
720.65,2
720.7,2
720.75,2
720.8,2
720.85,2
720.9,2
720.95,2
721.0,2
721.05,2
721.1,2
721.15,2
721.2,2
721.25,2
721.3,2
721.35,2
721.4,2
721.45,2
721.5,2
721.55,2
721.6,2
721.65,2
721.7,2
721.75,2
721.8,2
721.85,2
721.9,2
721.95,2
722.0,2
722.05,2
722.1,2
722.15,2
722.2,2
722.25,2
722.3,2
722.35,2
722.4,2
722.45,2
722.5,2
722.55,2
722.6,2
722.65,2
722.7,2
722.75,2
722.8,2
722.85,2
722.9,2
722.95,2
723.0,2
723.05,2
723.1,2
723.15,2
723.2,2
723.25,2
723.3,2
723.35,2
723.4,2
723.45,2
723.5,2
723.55,2
723.6,2
723.65,2
723.7,2
723.75,2
723.8,2
723.85,2
723.9,2
723.95,2
724.0,2
724.05,2
724.1,2
724.15,2
724.2,2
724.25,2
724.3,2
724.35,2
724.4,2
724.45,2
724.5,2
724.55,2
724.6,2
724.65,2
724.7,2
724.75,2
724.8,2
724.85,2
724.9,2
724.95,2
725.0,2
725.05,2
725.1,2
725.15,2
725.2,2
725.25,2
725.3,2
725.35,2
725.4,2
725.45,2
725.5,2
725.55,2
725.6,2
725.65,2
725.7,2
725.75,2
725.8,2
725.85,2
725.9,2
725.95,2
726.0,2
726.05,2
726.1,2
726.15,2
726.2,2
726.25,2
726.3,2
726.35,2
726.4,2
726.45,2
726.5,2
726.55,0
726.6,0
726.65,0
726.7,0
726.75,0
726.8,0
726.85,0
726.9,0
726.95,0
727.0,0
727.05,0
727.1,0
727.15,0
727.2,0
727.25,0
727.3,0
727.35,0
727.4,0
727.45,0
727.5,0
727.55,0
727.6,0
727.65,0
727.7,0
727.75,0
727.8,0
727.85,0
727.9,0
727.95,0
728.0,0
728.05,0
728.1,0
728.15,0
728.2,0
728.25,0
728.3,0
728.35,0
728.4,0
728.45,0
728.5,0
728.55,0
728.6,0
728.65,0
728.7,0
728.75,0
728.8,0
728.85,0
728.9,0
728.95,0
729.0,0
729.05,0
729.1,0
729.15,0
729.2,0
729.25,0
729.3,0
729.35,0
729.4,0
729.45,0
729.5,0
729.55,0
729.6,2
729.65,2
729.7,2
729.75,2
729.8,2
729.85,2
729.9,2
729.95,2
730.0,2
730.05,2
730.1,2
730.15,2
730.2,2
730.25,2
730.3,2
730.35,0
730.4,0
730.45,0
730.5,0
730.55,0
730.6,0
730.65,0
730.7,0
730.75,0
730.8,0
730.85,0
730.9,0
730.95,0
731.0,0
731.05,0
731.1,0
731.15,0
731.2,0
731.25,0
731.3,0
731.35,0
731.4,0
731.45,0
731.5,0
731.55,0
731.6,0
731.65,0
731.7,0
731.75,0
731.8,0
731.85,0
731.9,2
731.95,2
732.0,2
732.05,2
732.1,2
732.15,2
732.2,2
732.25,2
732.3,2
732.35,2
732.4,2
732.45,2
732.5,2
732.55,2
732.6,2
732.65,2
732.7,2
732.75,2
732.8,2
732.85,2
732.9,2
732.95,2
733.0,2
733.05,2
733.1,2
733.15,2
733.2,2
733.25,2
733.3,2
733.35,2
733.4,2
733.45,2
733.5,2
733.55,2
733.6,2
733.65,2
733.7,2
733.75,2
733.8,2
733.85,2
733.9,2
733.95,2
734.0,2
734.05,2
734.1,2
734.15,2
734.2,2
734.25,2
734.3,2
734.35,2
734.4,2
734.45,2
734.5,2
734.55,2
734.6,2
734.65,2
734.7,2
734.75,2
734.8,2
734.85,2
734.9,2
734.95,2
735.0,2
735.05,0
735.1,0
735.15,0
735.2,0
735.25,0
735.3,0
735.35,0
735.4,0
735.45,0
735.5,2
735.55,2
735.6,2
735.65,2
735.7,2
735.75,2
735.8,2
735.85,2
735.9,2
735.95,2
736.0,2
736.05,0
736.1,0
736.15,0
736.2,0
736.25,0
736.3,0
736.35,0
736.4,0
736.45,0
736.5,0
736.55,0
736.6,0
736.65,2
736.7,2
736.75,2
736.8,2
736.85,2
736.9,2
736.95,2
737.0,2
737.05,2
737.1,2
737.15,2
737.2,2
737.25,2
737.3,2
737.35,2
737.4,2
737.45,2
737.5,2
737.55,2
737.6,2
737.65,2
737.7,2
737.75,2
737.8,2
737.85,2
737.9,2
737.95,2
738.0,2
738.05,2
738.1,2
738.15,2
738.2,2
738.25,2
738.3,2
738.35,2
738.4,2
738.45,2
738.5,2
738.55,2
738.6,2
738.65,2
738.7,2
738.75,2
738.8,2
738.85,2
738.9,2
738.95,2
739.0,2
739.05,0
739.1,0
739.15,0
739.2,0
739.25,0
739.3,0
739.35,0
739.4,0
739.45,0
739.5,0
739.55,0
739.6,0
739.65,0
739.7,0
739.75,0
739.8,0
739.85,0
739.9,0
739.95,0
740.0,0
740.05,0
740.1,0
740.15,0
740.2,0
740.25,0
740.3,0
740.35,0
740.4,0
740.45,0
740.5,0
740.55,0
740.6,0
740.65,0
740.7,0
740.75,0
740.8,0
740.85,0
740.9,0
740.95,0
741.0,0
741.05,0
741.1,0
741.15,0
741.2,0
741.25,0
741.3,0
741.35,0
741.4,0
741.45,0
741.5,0
741.55,0
741.6,0
741.65,0
741.7,0
741.75,2
741.8,2
741.85,2
741.9,2
741.95,2
742.0,2
742.05,2
742.1,2
742.15,2
742.2,2
742.25,2
742.3,2
742.35,2
742.4,2
742.45,2
742.5,2
742.55,2
742.6,2
742.65,2
742.7,2
742.75,2
742.8,2
742.85,2
742.9,2
742.95,2
743.0,2
743.05,2
743.1,2
743.15,2
743.2,2
743.25,2
743.3,2
743.35,2
743.4,2
743.45,2
743.5,2
743.55,0
743.6,0
743.65,0
743.7,0
743.75,0
743.8,0
743.85,0
743.9,0
743.95,0
744.0,0
744.05,0
744.1,0
744.15,0
744.2,0
744.25,0
744.3,0
744.35,0
744.4,0
744.45,0
744.5,0
744.55,0
744.6,0
744.65,0
744.7,0
744.75,0
744.8,0
744.85,0
744.9,0
744.95,0
745.0,0
745.05,0
745.1,0
745.15,0
745.2,0
745.25,0
745.3,0
745.35,0
745.4,0
745.45,0
745.5,0
745.55,0
745.6,0
745.65,0
745.7,0
745.75,0
745.8,0
745.85,0
745.9,0
745.95,0
746.0,0
746.05,0
746.1,0
746.15,0
746.2,0
746.25,0
746.3,0
746.35,0
746.4,0
746.45,0
746.5,0
746.55,0
746.6,0
746.65,0
746.7,0
746.75,0
746.8,0
746.85,0
746.9,0
746.95,0
747.0,0
747.05,0
747.1,0
747.15,0
747.2,0
747.25,0
747.3,0
747.35,0
747.4,0
747.45,0
747.5,0
747.55,0
747.6,0
747.65,0
747.7,0
747.75,0
747.8,0
747.85,0
747.9,0
747.95,0
748.0,0
748.05,0
748.1,0
748.15,0
748.2,0
748.25,0
748.3,0
748.35,0
748.4,0
748.45,0
748.5,0
748.55,0
748.6,0
748.65,0
748.7,0
748.75,0
748.8,0
748.85,0
748.9,0
748.95,0
749.0,0
749.05,0
749.1,0
749.15,0
749.2,0
749.25,0
749.3,0
749.35,0
749.4,0
749.45,0
749.5,0
749.55,0
749.6,0
749.65,0
749.7,0
749.75,0
749.8,0
749.85,0
749.9,0
749.95,0
750.0,0
750.05,0
750.1,0
750.15,0
750.2,0
750.25,0
750.3,0
750.35,0
750.4,0
750.45,0
750.5,0
750.55,0
750.6,0
750.65,0
750.7,0
750.75,0
750.8,0
750.85,0
750.9,0
750.95,0
751.0,0
751.05,0
751.1,0
751.15,0
751.2,0
751.25,0
751.3,0
751.35,0
751.4,0
751.45,0
751.5,0
751.55,0
751.6,0
751.65,0
751.7,0
751.75,0
751.8,0
751.85,0
751.9,0
751.95,0
752.0,0
752.05,0
752.1,0
752.15,0
752.2,0
752.25,0
752.3,0
752.35,0
752.4,0
752.45,0
752.5,0
752.55,0
752.6,0
752.65,0
752.7,0
752.75,0
752.8,0
752.85,0
752.9,0
752.95,0
753.0,0
753.05,0
753.1,0
753.15,0
753.2,0
753.25,0
753.3,0
753.35,0
753.4,2
753.45,2
753.5,2
753.55,2
753.6,2
753.65,2
753.7,2
753.75,2
753.8,2
753.85,2
753.9,2
753.95,2
754.0,2
754.05,2
754.1,2
754.15,2
754.2,2
754.25,2
754.3,2
754.35,2
754.4,2
754.45,2
754.5,2
754.55,2
754.6,2
754.65,2
754.7,2
754.75,2
754.8,2
754.85,2
754.9,2
754.95,2
755.0,2
755.05,2
755.1,2
755.15,2
755.2,2
755.25,2
755.3,2
755.35,2
755.4,2
755.45,2
755.5,2
755.55,2
755.6,2
755.65,2
755.7,2
755.75,2
755.8,2
755.85,2
755.9,2
755.95,2
756.0,2
756.05,2
756.1,2
756.15,2
756.2,2
756.25,2
756.3,2
756.35,2
756.4,2
756.45,2
756.5,2
756.55,2
756.6,2
756.65,2
756.7,2
756.75,2
756.8,2
756.85,0
756.9,0
756.95,0
757.0,0
757.05,0
757.1,0
757.15,0
757.2,2
757.25,2
757.3,2
757.35,2
757.4,2
757.45,2
757.5,2
757.55,2
757.6,2
757.65,2
757.7,2
757.75,2
757.8,2
757.85,2
757.9,2
757.95,2
758.0,2
758.05,2
758.1,2
758.15,2
758.2,2
758.25,2
758.3,2
758.35,2
758.4,2
758.45,2
758.5,2
758.55,2
758.6,2
758.65,2
758.7,2
758.75,2
758.8,2
758.85,2
758.9,2
758.95,2
759.0,2
759.05,2
759.1,2
759.15,2
759.2,2
759.25,2
759.3,2
759.35,2
759.4,2
759.45,2
759.5,2
759.55,2
759.6,2
759.65,2
759.7,2
759.75,2
759.8,2
759.85,2
759.9,2
759.95,2
760.0,2
760.05,2
760.1,2
760.15,2
760.2,2
760.25,2
760.3,2
760.35,2
760.4,2
760.45,2
760.5,2
760.55,2
760.6,2
760.65,2
760.7,2
760.75,2
760.8,0
760.85,0
760.9,0
760.95,0
761.0,0
761.05,0
761.1,0
761.15,0
761.2,0
761.25,0
761.3,0
761.35,0
761.4,0
761.45,0
761.5,0
761.55,0
761.6,0
761.65,2
761.7,2
761.75,2
761.8,2
761.85,2
761.9,2
761.95,2
762.0,2
762.05,2
762.1,2
762.15,2
762.2,2
762.25,2
762.3,2
762.35,2
762.4,2
762.45,2
762.5,2
762.55,2
762.6,2
762.65,2
762.7,2
762.75,2
762.8,2
762.85,2
762.9,2
762.95,2
763.0,2
763.05,2
763.1,2
763.15,2
763.2,2
763.25,2
763.3,2
763.35,2
763.4,2
763.45,2
763.5,2
763.55,2
763.6,2
763.65,2
763.7,2
763.75,2
763.8,2
763.85,2
763.9,2
763.95,2
764.0,2
764.05,2
764.1,2
764.15,2
764.2,2
764.25,2
764.3,2
764.35,2
764.4,2
764.45,2
764.5,2
764.55,2
764.6,2
764.65,2
764.7,2
764.75,2
764.8,2
764.85,2
764.9,2
764.95,2
765.0,2
765.05,2
765.1,2
765.15,2
765.2,2
765.25,2
765.3,2
765.35,0
765.4,0
765.45,0
765.5,0
765.55,0
765.6,0
765.65,0
765.7,0
765.75,0
765.8,0
765.85,0
765.9,0
765.95,0
766.0,0
766.05,0
766.1,0
766.15,0
766.2,0
766.25,0
766.3,0
766.35,0
766.4,0
766.45,0
766.5,0
766.55,0
766.6,0
766.65,0
766.7,0
766.75,0
766.8,0
766.85,0
766.9,0
766.95,0
767.0,0
767.05,0
767.1,0
767.15,0
767.2,0
767.25,0
767.3,0
767.35,0
767.4,0
767.45,0
767.5,0
767.55,0
767.6,0
767.65,0
767.7,0
767.75,0
767.8,2
767.85,2
767.9,2
767.95,2
768.0,2
768.05,2
768.1,2
768.15,2
768.2,2
768.25,2
768.3,2
768.35,2
768.4,2
768.45,2
768.5,2
768.55,2
768.6,2
768.65,2
768.7,2
768.75,2
768.8,2
768.85,2
768.9,2
768.95,2
769.0,2
769.05,2
769.1,2
769.15,2
769.2,2
769.25,2
769.3,2
769.35,2
769.4,2
769.45,2
769.5,2
769.55,2
769.6,2
769.65,2
769.7,2
769.75,2
769.8,2
769.85,2
769.9,2
769.95,2
770.0,2
770.05,2
770.1,2
770.15,2
770.2,2
770.25,2
770.3,2
770.35,2
770.4,2
770.45,2
770.5,2
770.55,2
770.6,2
770.65,2
770.7,2
770.75,2
770.8,2
770.85,0
770.9,0
770.95,0
771.0,0
771.05,0
771.1,0
771.15,0
771.2,0
771.25,0
771.3,0
771.35,0
771.4,0
771.45,0
771.5,0
771.55,0
771.6,0
771.65,0
771.7,0
771.75,0
771.8,0
771.85,0
771.9,0
771.95,0
772.0,0
772.05,0
772.1,0
772.15,0
772.2,0
772.25,0
772.3,0
772.35,0
772.4,0
772.45,0
772.5,0
772.55,0
772.6,0
772.65,0
772.7,0
772.75,0
772.8,0
772.85,0
772.9,0
772.95,0
773.0,0
773.05,0
773.1,0
773.15,0
773.2,0
773.25,0
773.3,0
773.35,0
773.4,0
773.45,0
773.5,0
773.55,0
773.6,0
773.65,0
773.7,0
773.75,0
773.8,0
773.85,0
773.9,0
773.95,0
774.0,0
774.05,0
774.1,0
774.15,0
774.2,0
774.25,0
774.3,0
774.35,0
774.4,0
774.45,0
774.5,0
774.55,0
774.6,0
774.65,0
774.7,1
774.75,1
774.8,1
774.85,1
774.9,1
774.95,1
775.0,1
775.05,1
775.1,1
775.15,1
775.2,1
775.25,1
775.3,1
775.35,1
775.4,1
775.45,1
775.5,1
775.55,1
775.6,1
775.65,1
775.7,1
775.75,1
775.8,1
775.85,1
775.9,1
775.95,1
776.0,1
776.05,1
776.1,1
776.15,1
776.2,1
776.25,1
776.3,1
776.35,1
776.4,1
776.45,1
776.5,1
776.55,1
776.6,1
776.65,1
776.7,1
776.75,1
776.8,1
776.85,1
776.9,1
776.95,1
777.0,1
777.05,1
777.1,1
777.15,1
777.2,1
777.25,1
777.3,1
777.35,0
777.4,0
777.45,0
777.5,0
777.55,0
777.6,0
777.65,0
777.7,0
777.75,0
777.8,0
777.85,0
777.9,0
777.95,0
778.0,0
778.05,0
778.1,0
778.15,0
778.2,0
778.25,0
778.3,0
778.35,0
778.4,0
778.45,0
778.5,0
778.55,0
778.6,0
778.65,0
778.7,0
778.75,0
778.8,0
778.85,0
778.9,0
778.95,0
779.0,0
779.05,0
779.1,0
779.15,0
779.2,0
779.25,0
779.3,0
779.35,0
779.4,0
779.45,0
779.5,0
779.55,0
779.6,0
779.65,0
779.7,0
779.75,0
779.8,0
779.85,0
779.9,0
779.95,0
780.0,0
780.05,0
780.1,1
780.15,1
780.2,1
780.25,1
780.3,1
780.35,1
780.4,1
780.45,1
780.5,0
780.55,0
780.6,0
780.65,0
780.7,0
780.75,0
780.8,0
780.85,0
780.9,0
780.95,0
781.0,0
781.05,0
781.1,0
781.15,0
781.2,0
781.25,0
781.3,0
781.35,0
781.4,0
781.45,0
781.5,0
781.55,0
781.6,0
781.65,0
781.7,0
781.75,0
781.8,0
781.85,0
781.9,0
781.95,0
782.0,0
782.05,0
782.1,0
782.15,2
782.2,2
782.25,2
782.3,2
782.35,2
782.4,2
782.45,2
782.5,2
782.55,2
782.6,2
782.65,2
782.7,2
782.75,2
782.8,2
782.85,2
782.9,2
782.95,2
783.0,2
783.05,2
783.1,2
783.15,2
783.2,2
783.25,2
783.3,2
783.35,2
783.4,2
783.45,2
783.5,2
783.55,2
783.6,2
783.65,2
783.7,2
783.75,2
783.8,2
783.85,2
783.9,2
783.95,2
784.0,2
784.05,2
784.1,2
784.15,2
784.2,2
784.25,2
784.3,2
784.35,2
784.4,2
784.45,2
784.5,2
784.55,2
784.6,2
784.65,2
784.7,2
784.75,2
784.8,2
784.85,2
784.9,2
784.95,2
785.0,2
785.05,2
785.1,2
785.15,2
785.2,2
785.25,2
785.3,2
785.35,2
785.4,2
785.45,2
785.5,2
785.55,2
785.6,2
785.65,2
785.7,2
785.75,2
785.8,2
785.85,2
785.9,2
785.95,2
786.0,2
786.05,2
786.1,2
786.15,2
786.2,2
786.25,2
786.3,2
786.35,2
786.4,2
786.45,2
786.5,2
786.55,2
786.6,2
786.65,2
786.7,2
786.75,2
786.8,2
786.85,2
786.9,2
786.95,2
787.0,2
787.05,2
787.1,2
787.15,2
787.2,2
787.25,2
787.3,0
787.35,0
787.4,0
787.45,0
787.5,0
787.55,0
787.6,0
787.65,0
787.7,0
787.75,0
787.8,0
787.85,0
787.9,0
787.95,0
788.0,0
788.05,0
788.1,0
788.15,0
788.2,0
788.25,0
788.3,0
788.35,0
788.4,0
788.45,0
788.5,0
788.55,0
788.6,0
788.65,0
788.7,0
788.75,0
788.8,0
788.85,0
788.9,0
788.95,0
789.0,0
789.05,0
789.1,0
789.15,0
789.2,0
789.25,0
789.3,0
789.35,0
789.4,0
789.45,0
789.5,0
789.55,0
789.6,0
789.65,0
789.7,0
789.75,0
789.8,0
789.85,0
789.9,0
789.95,0
790.0,0
790.05,0
790.1,0
790.15,0
790.2,0
790.25,0
790.3,0
790.35,0
790.4,0
790.45,0
790.5,0
790.55,0
790.6,0
790.65,0
790.7,0
790.75,0
790.8,0
790.85,0
790.9,0
790.95,0
791.0,0
791.05,0
791.1,0
791.15,0
791.2,0
791.25,0
791.3,0
791.35,0
791.4,0
791.45,0
791.5,0
791.55,0
791.6,0
791.65,0
791.7,0
791.75,0
791.8,0
791.85,0
791.9,0
791.95,0
792.0,0
792.05,0
792.1,0
792.15,0
792.2,0
792.25,0
792.3,0
792.35,0
792.4,0
792.45,0
792.5,0
792.55,0
792.6,0
792.65,0
792.7,0
792.75,0
792.8,0
792.85,0
792.9,0
792.95,0
793.0,0
793.05,0
793.1,0
793.15,0
793.2,0
793.25,0
793.3,0
793.35,0
793.4,0
793.45,0
793.5,0
793.55,0
793.6,0
793.65,0
793.7,0
793.75,0
793.8,0
793.85,0
793.9,0
793.95,0
794.0,0
794.05,0
794.1,0
794.15,0
794.2,0
794.25,2
794.3,2
794.35,2
794.4,2
794.45,2
794.5,2
794.55,2
794.6,2
794.65,2
794.7,2
794.75,2
794.8,2
794.85,2
794.9,2
794.95,2
795.0,2
795.05,2
795.1,2
795.15,2
795.2,2
795.25,2
795.3,2
795.35,2
795.4,2
795.45,2
795.5,2
795.55,2
795.6,2
795.65,2
795.7,2
795.75,2
795.8,2
795.85,2
795.9,2
795.95,2
796.0,2
796.05,2
796.1,2
796.15,2
796.2,2
796.25,2
796.3,2
796.35,2
796.4,2
796.45,2
796.5,2
796.55,2
796.6,2
796.65,2
796.7,2
796.75,2
796.8,2
796.85,2
796.9,2
796.95,2
797.0,2
797.05,2
797.1,2
797.15,2
797.2,2
797.25,2
797.3,2
797.35,2
797.4,2
797.45,2
797.5,2
797.55,2
797.6,2
797.65,2
797.7,2
797.75,0
797.8,0
797.85,0
797.9,0
797.95,0
798.0,0
798.05,0
798.1,0
798.15,0
798.2,0
798.25,0
798.3,0
798.35,0
798.4,0
798.45,0
798.5,0
798.55,0
798.6,0
798.65,0
798.7,0
798.75,0
798.8,0
798.85,0
798.9,0
798.95,0
799.0,0
799.05,0
799.1,0
799.15,0
799.2,0
799.25,0
799.3,0
799.35,0
799.4,0
799.45,0
799.5,0
799.55,0
799.6,0
799.65,0
799.7,2
799.75,2
799.8,2
799.85,2
799.9,2
799.95,2
800.0,2
800.05,2
800.1,2
800.15,2
800.2,2
800.25,2
800.3,2
800.35,2
800.4,2
800.45,2
800.5,2
800.55,2
800.6,2
800.65,2
800.7,2
800.75,2
800.8,2
800.85,2
800.9,2
800.95,2
801.0,2
801.05,2
801.1,2
801.15,2
801.2,2
801.25,2
801.3,2
801.35,0
801.4,0
801.45,0
801.5,0
801.55,0
801.6,0
801.65,0
801.7,0
801.75,0
801.8,0
801.85,0
801.9,0
801.95,0
802.0,0
802.05,0
802.1,0
802.15,0
802.2,0
802.25,0
802.3,0
802.35,0
802.4,0
802.45,0
802.5,0
802.55,0
802.6,0
802.65,0
802.7,0
802.75,0
802.8,0
802.85,0
802.9,0
802.95,0
803.0,0
803.05,0
803.1,0
803.15,0
803.2,0
803.25,0
803.3,0
803.35,0
803.4,0
803.45,0
803.5,0
803.55,0
803.6,0
803.65,0
803.7,0
803.75,0
803.8,0
803.85,0
803.9,0
803.95,0
804.0,0
804.05,0
804.1,0
804.15,0
804.2,0
804.25,0
804.3,0
804.35,0
804.4,0
804.45,0
804.5,0
804.55,0
804.6,0
804.65,0
804.7,0
804.75,0
804.8,0
804.85,0
804.9,0
804.95,0
805.0,0
805.05,0
805.1,0
805.15,0
805.2,0
805.25,0
805.3,0
805.35,0
805.4,0
805.45,0
805.5,0
805.55,0
805.6,0
805.65,0
805.7,2
805.75,2
805.8,2
805.85,2
805.9,2
805.95,2
806.0,2
806.05,2
806.1,2
806.15,2
806.2,2
806.25,2
806.3,2
806.35,2
806.4,2
806.45,2
806.5,2
806.55,2
806.6,2
806.65,2
806.7,2
806.75,2
806.8,2
806.85,2
806.9,2
806.95,2
807.0,2
807.05,2
807.1,2
807.15,2
807.2,2
807.25,2
807.3,2
807.35,2
807.4,2
807.45,2
807.5,2
807.55,2
807.6,2
807.65,2
807.7,2
807.75,2
807.8,2
807.85,2
807.9,2
807.95,2
808.0,2
808.05,2
808.1,2
808.15,2
808.2,2
808.25,2
808.3,2
808.35,2
808.4,2
808.45,2
808.5,2
808.55,2
808.6,2
808.65,2
808.7,2
808.75,2
808.8,2
808.85,2
808.9,2
808.95,2
809.0,0
809.05,0
809.1,0
809.15,0
809.2,0
809.25,0
809.3,0
809.35,0
809.4,0
809.45,0
809.5,0
809.55,0
809.6,2
809.65,2
809.7,2
809.75,2
809.8,2
809.85,2
809.9,2
809.95,2
810.0,2
810.05,2
810.1,2
810.15,2
810.2,2
810.25,0
810.3,0
810.35,0
810.4,0
810.45,0
810.5,0
810.55,0
810.6,0
810.65,0
810.7,0
810.75,0
810.8,0
810.85,0
810.9,0
810.95,0
811.0,0
811.05,0
811.1,0
811.15,0
811.2,0
811.25,0
811.3,0
811.35,0
811.4,0
811.45,0
811.5,0
811.55,2
811.6,2
811.65,2
811.7,2
811.75,2
811.8,2
811.85,2
811.9,2
811.95,2
812.0,2
812.05,2
812.1,2
812.15,2
812.2,2
812.25,2
812.3,2
812.35,2
812.4,2
812.45,2
812.5,2
812.55,2
812.6,2
812.65,2
812.7,2
812.75,2
812.8,2
812.85,2
812.9,2
812.95,2
813.0,2
813.05,2
813.1,2
813.15,2
813.2,2
813.25,2
813.3,2
813.35,2
813.4,2
813.45,2
813.5,2
813.55,2
813.6,2
813.65,2
813.7,2
813.75,2
813.8,2
813.85,2
813.9,2
813.95,2
814.0,2
814.05,2
814.1,2
814.15,2
814.2,2
814.25,2
814.3,2
814.35,2
814.4,2
814.45,2
814.5,2
814.55,2
814.6,2
814.65,2
814.7,2
814.75,2
814.8,2
814.85,2
814.9,2
814.95,2
815.0,2
815.05,2
815.1,2
815.15,2
815.2,2
815.25,0
815.3,0
815.35,0
815.4,0
815.45,0
815.5,0
815.55,0
815.6,0
815.65,0
815.7,0
815.75,0
815.8,0
815.85,0
815.9,0
815.95,0
816.0,0
816.05,0
816.1,0
816.15,0
816.2,0
816.25,0
816.3,0
816.35,0
816.4,0
816.45,0
816.5,0
816.55,0
816.6,0
816.65,0
816.7,0
816.75,0
816.8,0
816.85,0
816.9,0
816.95,0
817.0,0
817.05,0
817.1,0
817.15,0
817.2,0
817.25,0
817.3,0
817.35,0
817.4,0
817.45,0
817.5,0
817.55,0
817.6,0
817.65,0
817.7,0
817.75,0
817.8,0
817.85,0
817.9,0
817.95,0
818.0,0
818.05,0
818.1,0
818.15,0
818.2,0
818.25,0
818.3,0
818.35,0
818.4,0
818.45,0
818.5,0
818.55,0
818.6,0
818.65,0
818.7,0
818.75,0
818.8,0
818.85,0
818.9,0
818.95,0
819.0,0
819.05,0
819.1,0
819.15,0
819.2,0
819.25,0
819.3,0
819.35,0
819.4,0
819.45,0
819.5,0
819.55,0
819.6,0
819.65,0
819.7,0
819.75,0
819.8,0
819.85,0
819.9,0
819.95,0
820.0,0
820.05,0
820.1,0
820.15,0
820.2,0
820.25,0
820.3,0
820.35,0
820.4,0
820.45,0
820.5,0
820.55,0
820.6,0
820.65,0
820.7,0
820.75,0
820.8,0
820.85,0
820.9,0
820.95,0
821.0,0
821.05,0
821.1,0
821.15,0
821.2,0
821.25,0
821.3,0
821.35,0
821.4,0
821.45,0
821.5,0
821.55,0
821.6,0
821.65,0
821.7,0
821.75,0
821.8,0
821.85,0
821.9,0
821.95,0
822.0,0
822.05,0
822.1,0
822.15,0
822.2,0
822.25,0
822.3,0
822.35,0
822.4,0
822.45,0
822.5,0
822.55,0
822.6,0
822.65,0
822.7,0
822.75,0
822.8,0
822.85,0
822.9,0
822.95,0
823.0,0
823.05,0
823.1,0
823.15,0
823.2,0
823.25,0
823.3,0
823.35,0
823.4,0
823.45,0
823.5,0
823.55,0
823.6,0
823.65,0
823.7,0
823.75,0
823.8,0
823.85,0
823.9,0
823.95,0
824.0,0
824.05,0
824.1,0
824.15,0
824.2,0
824.25,0
824.3,0
824.35,0
824.4,0
824.45,0
824.5,0
824.55,0
824.6,0
824.65,0
824.7,0
824.75,0
824.8,0
824.85,0
824.9,0
824.95,0
825.0,0
825.05,0
825.1,0
825.15,0
825.2,0
825.25,0
825.3,0
825.35,0
825.4,0
825.45,0
825.5,0
825.55,0
825.6,0
825.65,0
825.7,0
825.75,0
825.8,0
825.85,0
825.9,0
825.95,0
826.0,0
826.05,0
826.1,0
826.15,0
826.2,0
826.25,0
826.3,0
826.35,0
826.4,0
826.45,0
826.5,0
826.55,0
826.6,0
826.65,0
826.7,0
826.75,0
826.8,0
826.85,0
826.9,0
826.95,0
827.0,0
827.05,0
827.1,0
827.15,0
827.2,0
827.25,0
827.3,0
827.35,0
827.4,0
827.45,0
827.5,0
827.55,0
827.6,0
827.65,0
827.7,0
827.75,0
827.8,0
827.85,0
827.9,0
827.95,0
828.0,0
828.05,0
828.1,0
828.15,0
828.2,0
828.25,0
828.3,0
828.35,0
828.4,0
828.45,0
828.5,0
828.55,0
828.6,0
828.65,0
828.7,0
828.75,0
828.8,0
828.85,0
828.9,0
828.95,0
829.0,0
829.05,0
829.1,0
829.15,0
829.2,2
829.25,2
829.3,2
829.35,2
829.4,2
829.45,2
829.5,2
829.55,2
829.6,2
829.65,2
829.7,2
829.75,2
829.8,2
829.85,2
829.9,2
829.95,2
830.0,2
830.05,2
830.1,2
830.15,2
830.2,2
830.25,2
830.3,2
830.35,2
830.4,2
830.45,2
830.5,2
830.55,2
830.6,1
830.65,1
830.7,1
830.75,1
830.8,1
830.85,1
830.9,1
830.95,1
831.0,1
831.05,1
831.1,1
831.15,1
831.2,1
831.25,1
831.3,1
831.35,1
831.4,1
831.45,1
831.5,1
831.55,1
831.6,1
831.65,1
831.7,1
831.75,1
831.8,1
831.85,1
831.9,1
831.95,1
832.0,1
832.05,1
832.1,1
832.15,1
832.2,1
832.25,1
832.3,1
832.35,1
832.4,1
832.45,1
832.5,2
832.55,2
832.6,2
832.65,2
832.7,2
832.75,2
832.8,2
832.85,2
832.9,2
832.95,2
833.0,2
833.05,2
833.1,2
833.15,2
833.2,2
833.25,2
833.3,2
833.35,2
833.4,2
833.45,2
833.5,2
833.55,1
833.6,1
833.65,1
833.7,1
833.75,1
833.8,1
833.85,1
833.9,1
833.95,1
834.0,1
834.05,1
834.1,1
834.15,1
834.2,1
834.25,1
834.3,1
834.35,1
834.4,1
834.45,1
834.5,1
834.55,1
834.6,1
834.65,1
834.7,1
834.75,1
834.8,1
834.85,1
834.9,1
834.95,1
835.0,1
835.05,1
835.1,1
835.15,1
835.2,1
835.25,1
835.3,2
835.35,2
835.4,2
835.45,2
835.5,2
835.55,2
835.6,2
835.65,0
835.7,0
835.75,0
835.8,0
835.85,0
835.9,0
835.95,0
836.0,0
836.05,0
836.1,2
836.15,2
836.2,2
836.25,2
836.3,2
836.35,2
836.4,2
836.45,2
836.5,2
836.55,2
836.6,2
836.65,2
836.7,2
836.75,2
836.8,2
836.85,1
836.9,1
836.95,1
837.0,1
837.05,1
837.1,1
837.15,1
837.2,1
837.25,1
837.3,1
837.35,1
837.4,1
837.45,1
837.5,1
837.55,1
837.6,1
837.65,1
837.7,1
837.75,1
837.8,1
837.85,1
837.9,1
837.95,1
838.0,1
838.05,1
838.1,1
838.15,1
838.2,1
838.25,1
838.3,1
838.35,1
838.4,1
838.45,1
838.5,1
838.55,1
838.6,1
838.65,1
838.7,1
838.75,1
838.8,1
838.85,1
838.9,1
838.95,1
839.0,1
839.05,1
839.1,1
839.15,1
839.2,1
839.25,1
839.3,1
839.35,1
839.4,1
839.45,1
839.5,1
839.55,1
839.6,1
839.65,1
839.7,1
839.75,1
839.8,1
839.85,1
839.9,1
839.95,1
840.0,1
840.05,1
840.1,1
840.15,1
840.2,1
840.25,1
840.3,1
840.35,1
840.4,1
840.45,1
840.5,1
840.55,1
840.6,1
840.65,1
840.7,1
840.75,1
840.8,1
840.85,1
840.9,1
840.95,1
841.0,1
841.05,1
841.1,1
841.15,1
841.2,1
841.25,1
841.3,1
841.35,1
841.4,1
841.45,1
841.5,1
841.55,1
841.6,1
841.65,1
841.7,1
841.75,1
841.8,1
841.85,1
841.9,1
841.95,2
842.0,2
842.05,2
842.1,2
842.15,2
842.2,2
842.25,2
842.3,2
842.35,2
842.4,2
842.45,2
842.5,2
842.55,2
842.6,2
842.65,2
842.7,2
842.75,2
842.8,2
842.85,2
842.9,2
842.95,2
843.0,2
843.05,2
843.1,2
843.15,2
843.2,2
843.25,2
843.3,2
843.35,2
843.4,2
843.45,2
843.5,2
843.55,2
843.6,2
843.65,2
843.7,2
843.75,2
843.8,2
843.85,2
843.9,2
843.95,2
844.0,2
844.05,2
844.1,2
844.15,2
844.2,2
844.25,2
844.3,2
844.35,2
844.4,2
844.45,2
844.5,2
844.55,2
844.6,2
844.65,2
844.7,2
844.75,2
844.8,2
844.85,2
844.9,2
844.95,2
845.0,2
845.05,2
845.1,2
845.15,2
845.2,2
845.25,2
845.3,2
845.35,2
845.4,2
845.45,2
845.5,2
845.55,2
845.6,2
845.65,2
845.7,2
845.75,2
845.8,2
845.85,2
845.9,2
845.95,2
846.0,2
846.05,2
846.1,2
846.15,2
846.2,2
846.25,2
846.3,2
846.35,2
846.4,0
846.45,0
846.5,0
846.55,0
846.6,0
846.65,0
846.7,0
846.75,0
846.8,0
846.85,0
846.9,0
846.95,0
847.0,0
847.05,0
847.1,0
847.15,0
847.2,0
847.25,0
847.3,0
847.35,0
847.4,0
847.45,0
847.5,0
847.55,0
847.6,0
847.65,0
847.7,0
847.75,0
847.8,0
847.85,0
847.9,0
847.95,0
848.0,0
848.05,0
848.1,0
848.15,0
848.2,0
848.25,0
848.3,0
848.35,0
848.4,0
848.45,0
848.5,0
848.55,0
848.6,0
848.65,0
848.7,0
848.75,0
848.8,0
848.85,0
848.9,0
848.95,0
849.0,0
849.05,0
849.1,0
849.15,0
849.2,0
849.25,0
849.3,0
849.35,0
849.4,0
849.45,0
849.5,0
849.55,0
849.6,0
849.65,0
849.7,0
849.75,0
849.8,0
849.85,0
849.9,0
849.95,0
850.0,0
850.05,0
850.1,0
850.15,0
850.2,0
850.25,0
850.3,0
850.35,0
850.4,0
850.45,0
850.5,0
850.55,0
850.6,0
850.65,2
850.7,2
850.75,2
850.8,2
850.85,2
850.9,2
850.95,2
851.0,2
851.05,2
851.1,2
851.15,2
851.2,2
851.25,2
851.3,2
851.35,2
851.4,2
851.45,2
851.5,2
851.55,2
851.6,2
851.65,2
851.7,2
851.75,2
851.8,2
851.85,2
851.9,2
851.95,2
852.0,2
852.05,2
852.1,2
852.15,2
852.2,2
852.25,0
852.3,0
852.35,0
852.4,0
852.45,0
852.5,0
852.55,0
852.6,0
852.65,0
852.7,0
852.75,0
852.8,0
852.85,0
852.9,0
852.95,0
853.0,0
853.05,0
853.1,0
853.15,0
853.2,0
853.25,0
853.3,0
853.35,0
853.4,0
853.45,0
853.5,0
853.55,0
853.6,0
853.65,0
853.7,0
853.75,0
853.8,0
853.85,0
853.9,0
853.95,0
854.0,0
854.05,0
854.1,0
854.15,0
854.2,0
854.25,0
854.3,0
854.35,0
854.4,0
854.45,0
854.5,0
854.55,0
854.6,0
854.65,0
854.7,0
854.75,1
854.8,1
854.85,1
854.9,1
854.95,1
855.0,1
855.05,1
855.1,1
855.15,1
855.2,1
855.25,1
855.3,1
855.35,1
855.4,1
855.45,1
855.5,1
855.55,1
855.6,1
855.65,1
855.7,1
855.75,1
855.8,1
855.85,1
855.9,1
855.95,1
856.0,1
856.05,1
856.1,1
856.15,1
856.2,1
856.25,1
856.3,1
856.35,1
856.4,1
856.45,1
856.5,1
856.55,1
856.6,1
856.65,1
856.7,1
856.75,1
856.8,1
856.85,1
856.9,1
856.95,1
857.0,1
857.05,1
857.1,1
857.15,1
857.2,1
857.25,1
857.3,1
857.35,1
857.4,1
857.45,1
857.5,1
857.55,1
857.6,1
857.65,1
857.7,1
857.75,1
857.8,1
857.85,1
857.9,1
857.95,1
858.0,1
858.05,1
858.1,1
858.15,1
858.2,1
858.25,1
858.3,1
858.35,1
858.4,1
858.45,1
858.5,1
858.55,1
858.6,1
858.65,1
858.7,1
858.75,1
858.8,1
858.85,1
858.9,1
858.95,1
859.0,1
859.05,1
859.1,1
859.15,1
859.2,1
859.25,1
859.3,1
859.35,1
859.4,1
859.45,1
859.5,1
859.55,1
859.6,1
859.65,1
859.7,1
859.75,1
859.8,1
859.85,1
859.9,1
859.95,1
860.0,1
860.05,1
860.1,1
860.15,1
860.2,0
860.25,0
860.3,0
860.35,0
860.4,0
860.45,0
860.5,0
860.55,0
860.6,0
860.65,0
860.7,0
860.75,0
860.8,0
860.85,0
860.9,0
860.95,2
861.0,2
861.05,2
861.1,2
861.15,2
861.2,2
861.25,2
861.3,2
861.35,2
861.4,2
861.45,2
861.5,2
861.55,2
861.6,2
861.65,2
861.7,2
861.75,2
861.8,2
861.85,2
861.9,2
861.95,2
862.0,2
862.05,2
862.1,2
862.15,2
862.2,2
862.25,2
862.3,2
862.35,2
862.4,2
862.45,2
862.5,2
862.55,2
862.6,2
862.65,2
862.7,2
862.75,2
862.8,2
862.85,2
862.9,2
862.95,2
863.0,2
863.05,2
863.1,2
863.15,2
863.2,2
863.25,2
863.3,2
863.35,0
863.4,0
863.45,0
863.5,0
863.55,0
863.6,0
863.65,0
863.7,0
863.75,0
863.8,0
863.85,0
863.9,0
863.95,2
864.0,2
864.05,2
864.1,2
864.15,2
864.2,2
864.25,2
864.3,2
864.35,2
864.4,2
864.45,2
864.5,2
864.55,2
864.6,2
864.65,2
864.7,2
864.75,2
864.8,2
864.85,2
864.9,2
864.95,2
865.0,2
865.05,2
865.1,2
865.15,2
865.2,2
865.25,2
865.3,2
865.35,2
865.4,2
865.45,2
865.5,2
865.55,2
865.6,2
865.65,2
865.7,2
865.75,2
865.8,2
865.85,2
865.9,2
865.95,2
866.0,2
866.05,2
866.1,2
866.15,2
866.2,2
866.25,2
866.3,2
866.35,2
866.4,2
866.45,2
866.5,2
866.55,2
866.6,2
866.65,2
866.7,2
866.75,2
866.8,2
866.85,2
866.9,2
866.95,2
867.0,2
867.05,2
867.1,2
867.15,2
867.2,2
867.25,2
867.3,2
867.35,2
867.4,0
867.45,0
867.5,0
867.55,0
867.6,0
867.65,0
867.7,0
867.75,0
867.8,0
867.85,0
867.9,0
867.95,0
868.0,0
868.05,0
868.1,0
868.15,0
868.2,0
868.25,0
868.3,0
868.35,0
868.4,0
868.45,0
868.5,0
868.55,0
868.6,0
868.65,0
868.7,0
868.75,0
868.8,0
868.85,0
868.9,0
868.95,0
869.0,0
869.05,0
869.1,0
869.15,0
869.2,0
869.25,0
869.3,0
869.35,0
869.4,0
869.45,0
869.5,0
869.55,0
869.6,0
869.65,0
869.7,0
869.75,0
869.8,0
869.85,0
869.9,0
869.95,0
870.0,0
870.05,0
870.1,0
870.15,0
870.2,0
870.25,0
870.3,0
870.35,0
870.4,0
870.45,0
870.5,0
870.55,0
870.6,0
870.65,0
870.7,0
870.75,0
870.8,0
870.85,0
870.9,0
870.95,0
871.0,0
871.05,0
871.1,0
871.15,0
871.2,0
871.25,0
871.3,0
871.35,0
871.4,0
871.45,0
871.5,0
871.55,0
871.6,0
871.65,0
871.7,0
871.75,0
871.8,0
871.85,0
871.9,0
871.95,0
872.0,0
872.05,0
872.1,0
872.15,0
872.2,0
872.25,0
872.3,0
872.35,0
872.4,0
872.45,0
872.5,0
872.55,0
872.6,0
872.65,0
872.7,0
872.75,0
872.8,0
872.85,0
872.9,0
872.95,0
873.0,0
873.05,0
873.1,0
873.15,0
873.2,0
873.25,0
873.3,0
873.35,0
873.4,0
873.45,0
873.5,0
873.55,0
873.6,0
873.65,0
873.7,0
873.75,0
873.8,0
873.85,0
873.9,0
873.95,0
874.0,0
874.05,0
874.1,0
874.15,0
874.2,0
874.25,0
874.3,0
874.35,0
874.4,0
874.45,0
874.5,0
874.55,0
874.6,0
874.65,0
874.7,0
874.75,0
874.8,0
874.85,0
874.9,0
874.95,0
875.0,0
875.05,0
875.1,0
875.15,0
875.2,0
875.25,0
875.3,0
875.35,0
875.4,0
875.45,0
875.5,0
875.55,0
875.6,0
875.65,0
875.7,0
875.75,0
875.8,0
875.85,0
875.9,0
875.95,0
876.0,0
876.05,0
876.1,0
876.15,0
876.2,0
876.25,0
876.3,0
876.35,0
876.4,0
876.45,0
876.5,0
876.55,0
876.6,0
876.65,0
876.7,0
876.75,0
876.8,0
876.85,0
876.9,0
876.95,0
877.0,0
877.05,0
877.1,0
877.15,0
877.2,0
877.25,0
877.3,0
877.35,0
877.4,0
877.45,0
877.5,0
877.55,0
877.6,0
877.65,0
877.7,0
877.75,0
877.8,0
877.85,0
877.9,0
877.95,0
878.0,0
878.05,0
878.1,0
878.15,0
878.2,0
878.25,0
878.3,0
878.35,0
878.4,0
878.45,0
878.5,0
878.55,0
878.6,2
878.65,2
878.7,2
878.75,2
878.8,2
878.85,2
878.9,2
878.95,2
879.0,2
879.05,2
879.1,2
879.15,2
879.2,2
879.25,2
879.3,2
879.35,2
879.4,2
879.45,2
879.5,2
879.55,2
879.6,2
879.65,2
879.7,2
879.75,2
879.8,2
879.85,2
879.9,2
879.95,2
880.0,2
880.05,2
880.1,2
880.15,2
880.2,2
880.25,2
880.3,2
880.35,2
880.4,2
880.45,2
880.5,2
880.55,2
880.6,2
880.65,2
880.7,2
880.75,2
880.8,2
880.85,2
880.9,2
880.95,2
881.0,2
881.05,2
881.1,2
881.15,2
881.2,2
881.25,2
881.3,2
881.35,2
881.4,2
881.45,0
881.5,0
881.55,0
881.6,0
881.65,0
881.7,0
881.75,0
881.8,0
881.85,0
881.9,0
881.95,0
882.0,0
882.05,0
882.1,0
882.15,0
882.2,0
882.25,2
882.3,2
882.35,2
882.4,2
882.45,2
882.5,2
882.55,2
882.6,2
882.65,2
882.7,2
882.75,2
882.8,0
882.85,0
882.9,0
882.95,0
883.0,0
883.05,0
883.1,0
883.15,0
883.2,0
883.25,0
883.3,0
883.35,0
883.4,0
883.45,0
883.5,0
883.55,0
883.6,0
883.65,0
883.7,0
883.75,0
883.8,0
883.85,0
883.9,0
883.95,0
884.0,0
884.05,0
884.1,0
884.15,0
884.2,0
884.25,0
884.3,0
884.35,0
884.4,0
884.45,0
884.5,0
884.55,0
884.6,0
884.65,0
884.7,0
884.75,0
884.8,0
884.85,0
884.9,0
884.95,0
885.0,0
885.05,0
885.1,0
885.15,0
885.2,0
885.25,0
885.3,0
885.35,0
885.4,0
885.45,0
885.5,0
885.55,0
885.6,0
885.65,0
885.7,0
885.75,0
885.8,0
885.85,2
885.9,2
885.95,2
886.0,2
886.05,2
886.1,2
886.15,2
886.2,2
886.25,2
886.3,2
886.35,2
886.4,2
886.45,2
886.5,2
886.55,2
886.6,2
886.65,2
886.7,2
886.75,2
886.8,2
886.85,2
886.9,2
886.95,2
887.0,2
887.05,2
887.1,2
887.15,2
887.2,2
887.25,0
887.3,0
887.35,0
887.4,0
887.45,0
887.5,0
887.55,0
887.6,0
887.65,0
887.7,0
887.75,0
887.8,2
887.85,2
887.9,2
887.95,2
888.0,2
888.05,2
888.1,2
888.15,2
888.2,2
888.25,0
888.3,0
888.35,0
888.4,0
888.45,0
888.5,0
888.55,0
888.6,0
888.65,0
888.7,0
888.75,0
888.8,2
888.85,2
888.9,2
888.95,2
889.0,2
889.05,2
889.1,2
889.15,2
889.2,2
889.25,2
889.3,2
889.35,2
889.4,2
889.45,2
889.5,2
889.55,2
889.6,2
889.65,2
889.7,2
889.75,2
889.8,2
889.85,2
889.9,2
889.95,2
890.0,2
890.05,2
890.1,2
890.15,2
890.2,2
890.25,2
890.3,2
890.35,2
890.4,2
890.45,2
890.5,2
890.55,2
890.6,2
890.65,2
890.7,2
890.75,2
890.8,2
890.85,2
890.9,2
890.95,2
891.0,2
891.05,2
891.1,2
891.15,2
891.2,2
891.25,2
891.3,2
891.35,2
891.4,2
891.45,2
891.5,2
891.55,2
891.6,2
891.65,2
891.7,2
891.75,2
891.8,2
891.85,2
891.9,2
891.95,2
892.0,2
892.05,2
892.1,2
892.15,2
892.2,2
892.25,2
892.3,2
892.35,2
892.4,2
892.45,2
892.5,2
892.55,2
892.6,2
892.65,2
892.7,2
892.75,2
892.8,2
892.85,2
892.9,2
892.95,2
893.0,2
893.05,2
893.1,2
893.15,2
893.2,2
893.25,2
893.3,2
893.35,2
893.4,2
893.45,2
893.5,2
893.55,2
893.6,2
893.65,0
893.7,0
893.75,0
893.8,0
893.85,0
893.9,0
893.95,0
894.0,0
894.05,0
894.1,0
894.15,0
894.2,0
894.25,0
894.3,2
894.35,2
894.4,2
894.45,2
894.5,2
894.55,2
894.6,2
894.65,2
894.7,2
894.75,2
894.8,2
894.85,2
894.9,2
894.95,2
895.0,2
895.05,2
895.1,2
895.15,2
895.2,2
895.25,2
895.3,2
895.35,2
895.4,2
895.45,2
895.5,2
895.55,2
895.6,2
895.65,2
895.7,2
895.75,0
895.8,0
895.85,0
895.9,0
895.95,0
896.0,0
896.05,0
896.1,0
896.15,0
896.2,0
896.25,0
896.3,0
896.35,0
896.4,0
896.45,0
896.5,0
896.55,0
896.6,0
896.65,0
896.7,0
896.75,0
896.8,0
896.85,0
896.9,0
896.95,0
897.0,0
897.05,0
897.1,0
897.15,0
897.2,0
897.25,0
897.3,0
897.35,0
897.4,0
897.45,0
897.5,0
897.55,0
897.6,0
897.65,0
897.7,0
897.75,0
897.8,0
897.85,0
897.9,0
897.95,0
898.0,0
898.05,0
898.1,0
898.15,0
898.2,0
898.25,0
898.3,0
898.35,0
898.4,0
898.45,0
898.5,0
898.55,0
898.6,0
898.65,0
898.7,0
898.75,0
898.8,0
898.85,0
898.9,2
898.95,2
899.0,2
899.05,2
899.1,2
899.15,2
899.2,2
899.25,2
899.3,2
899.35,2
899.4,2
899.45,2
899.5,2
899.55,2
899.6,2
899.65,2
899.7,2
899.75,2
899.8,2
899.85,2
899.9,2
899.95,2
900.0,2
900.05,2
900.1,2
900.15,2
900.2,2
900.25,2
900.3,2
900.35,2
900.4,2
900.45,2
900.5,2
900.55,2
900.6,2
900.65,2
900.7,2
900.75,2
900.8,2
900.85,2
900.9,2
900.95,2
901.0,2
901.05,2
901.1,2
901.15,2
901.2,2
901.25,2
901.3,2
901.35,2
901.4,2
901.45,2
901.5,2
901.55,2
901.6,2
901.65,2
901.7,2
901.75,2
901.8,2
901.85,2
901.9,2
901.95,2
902.0,2
902.05,2
902.1,2
902.15,2
902.2,2
902.25,2
902.3,2
902.35,2
902.4,2
902.45,2
902.5,2
902.55,2
902.6,0
902.65,0
902.7,0
902.75,0
902.8,0
902.85,0
902.9,0
902.95,0
903.0,0
903.05,0
903.1,0
903.15,0
903.2,2
903.25,2
903.3,2
903.35,2
903.4,2
903.45,2
903.5,2
903.55,2
903.6,2
903.65,2
903.7,2
903.75,2
903.8,2
903.85,2
903.9,2
903.95,2
904.0,2
904.05,2
904.1,2
904.15,2
904.2,2
904.25,2
904.3,2
904.35,2
904.4,2
904.45,2
904.5,2
904.55,2
904.6,2
904.65,2
904.7,2
904.75,2
904.8,2
904.85,2
904.9,2
904.95,2
905.0,2
905.05,2
905.1,2
905.15,2
905.2,2
905.25,2
905.3,2
905.35,2
905.4,2
905.45,2
905.5,2
905.55,2
905.6,2
905.65,2
905.7,2
905.75,2
905.8,2
905.85,2
905.9,2
905.95,2
906.0,2
906.05,2
906.1,2
906.15,2
906.2,2
906.25,2
906.3,2
906.35,2
906.4,2
906.45,2
906.5,2
906.55,2
906.6,2
906.65,2
906.7,2
906.75,2
906.8,2
906.85,2
906.9,2
906.95,2
907.0,2
907.05,2
907.1,2
907.15,2
907.2,2
907.25,2
907.3,2
907.35,2
907.4,2
907.45,2
907.5,2
907.55,2
907.6,2
907.65,2
907.7,2
907.75,2
907.8,2
907.85,2
907.9,2
907.95,2
908.0,2
908.05,2
908.1,2
908.15,2
908.2,2
908.25,2
908.3,2
908.35,2
908.4,2
908.45,0
908.5,0
908.55,0
908.6,0
908.65,0
908.7,0
908.75,0
908.8,0
908.85,0
908.9,0
908.95,0
909.0,0
909.05,0
909.1,0
909.15,0
909.2,0
909.25,0
909.3,0
909.35,0
909.4,0
909.45,0
909.5,0
909.55,0
909.6,0
909.65,0
909.7,0
909.75,0
909.8,0
909.85,0
909.9,0
909.95,0
910.0,0
910.05,0
910.1,0
910.15,0
910.2,0
910.25,0
910.3,0
910.35,0
910.4,0
910.45,0
910.5,2
910.55,2
910.6,2
910.65,2
910.7,2
910.75,2
910.8,2
910.85,2
910.9,2
910.95,2
911.0,2
911.05,2
911.1,2
911.15,2
911.2,2
911.25,2
911.3,2
911.35,2
911.4,2
911.45,2
911.5,2
911.55,2
911.6,2
911.65,2
911.7,2
911.75,2
911.8,2
911.85,2
911.9,2
911.95,2
912.0,2
912.05,2
912.1,2
912.15,2
912.2,2
912.25,2
912.3,2
912.35,2
912.4,2
912.45,2
912.5,2
912.55,2
912.6,2
912.65,2
912.7,2
912.75,2
912.8,2
912.85,2
912.9,2
912.95,2
913.0,2
913.05,2
913.1,2
913.15,2
913.2,2
913.25,2
913.3,2
913.35,2
913.4,2
913.45,2
913.5,2
913.55,2
913.6,2
913.65,2
913.7,2
913.75,2
913.8,2
913.85,2
913.9,2
913.95,2
914.0,2
914.05,2
914.1,2
914.15,2
914.2,2
914.25,2
914.3,2
914.35,2
914.4,2
914.45,2
914.5,2
914.55,2
914.6,2
914.65,2
914.7,2
914.75,2
914.8,2
914.85,2
914.9,2
914.95,2
915.0,2
915.05,2
915.1,2
915.15,2
915.2,2
915.25,2
915.3,2
915.35,2
915.4,2
915.45,2
915.5,2
915.55,2
915.6,2
915.65,2
915.7,2
915.75,2
915.8,2
915.85,2
915.9,2
915.95,2
916.0,2
916.05,2
916.1,2
916.15,2
916.2,2
916.25,2
916.3,2
916.35,2
916.4,2
916.45,2
916.5,2
916.55,2
916.6,2
916.65,2
916.7,2
916.75,2
916.8,2
916.85,2
916.9,2
916.95,2
917.0,2
917.05,2
917.1,2
917.15,2
917.2,2
917.25,2
917.3,2
917.35,2
917.4,2
917.45,2
917.5,2
917.55,2
917.6,2
917.65,2
917.7,2
917.75,2
917.8,2
917.85,2
917.9,2
917.95,2
918.0,2
918.05,2
918.1,2
918.15,2
918.2,2
918.25,2
918.3,2
918.35,2
918.4,2
918.45,2
918.5,2
918.55,2
918.6,2
918.65,2
918.7,2
918.75,2
918.8,2
918.85,2
918.9,2
918.95,2
919.0,2
919.05,2
919.1,2
919.15,2
919.2,2
919.25,2
919.3,2
919.35,2
919.4,2
919.45,2
919.5,2
919.55,2
919.6,2
919.65,2
919.7,2
919.75,2
919.8,2
919.85,2
919.9,2
919.95,2
920.0,2
920.05,2
920.1,2
920.15,2
920.2,2
920.25,2
920.3,2
920.35,2
920.4,2
920.45,2
920.5,2
920.55,2
920.6,2
920.65,2
920.7,2
920.75,2
920.8,2
920.85,2
920.9,2
920.95,0
921.0,0
921.05,0
921.1,0
921.15,0
921.2,0
921.25,0
921.3,0
921.35,0
921.4,0
921.45,0
921.5,0
921.55,0
921.6,0
921.65,0
921.7,0
921.75,0
921.8,0
921.85,0
921.9,0
921.95,0
922.0,0
922.05,0
922.1,0
922.15,2
922.2,2
922.25,2
922.3,2
922.35,2
922.4,2
922.45,2
922.5,2
922.55,2
922.6,2
922.65,2
922.7,2
922.75,2
922.8,2
922.85,2
922.9,2
922.95,2
923.0,2
923.05,2
923.1,2
923.15,2
923.2,2
923.25,2
923.3,2
923.35,2
923.4,2
923.45,2
923.5,2
923.55,2
923.6,2
923.65,2
923.7,2
923.75,2
923.8,2
923.85,2
923.9,2
923.95,2
924.0,2
924.05,2
924.1,2
924.15,2
924.2,2
924.25,2
924.3,2
924.35,2
924.4,2
924.45,2
924.5,2
924.55,2
924.6,2
924.65,2
924.7,2
924.75,2
924.8,2
924.85,2
924.9,2
924.95,2
925.0,2
925.05,2
925.1,2
925.15,2
925.2,2
925.25,2
925.3,2
925.35,2
925.4,2
925.45,2
925.5,2
925.55,2
925.6,2
925.65,2
925.7,0
925.75,0
925.8,0
925.85,0
925.9,0
925.95,0
926.0,0
926.05,0
926.1,0
926.15,0
926.2,0
926.25,0
926.3,0
926.35,0
926.4,0
926.45,0
926.5,0
926.55,0
926.6,0
926.65,0
926.7,0
926.75,0
926.8,0
926.85,0
926.9,0
926.95,0
927.0,0
927.05,0
927.1,0
927.15,0
927.2,0
927.25,0
927.3,0
927.35,0
927.4,0
927.45,0
927.5,0
927.55,0
927.6,0
927.65,0
927.7,0
927.75,0
927.8,0
927.85,0
927.9,0
927.95,0
928.0,0
928.05,0
928.1,0
928.15,0
928.2,0
928.25,0
928.3,0
928.35,0
928.4,0
928.45,0
928.5,0
928.55,0
928.6,0
928.65,0
928.7,0
928.75,0
928.8,0
928.85,0
928.9,0
928.95,0
929.0,0
929.05,0
929.1,0
929.15,0
929.2,0
929.25,0
929.3,0
929.35,0
929.4,0
929.45,0
929.5,0
929.55,0
929.6,0
929.65,0
929.7,0
929.75,0
929.8,0
929.85,0
929.9,0
929.95,0
930.0,0
930.05,0
930.1,0
930.15,0
930.2,0
930.25,0
930.3,0
930.35,0
930.4,0
930.45,0
930.5,0
930.55,0
930.6,0
930.65,0
930.7,0
930.75,0
930.8,0
930.85,0
930.9,0
930.95,0
931.0,0
931.05,0
931.1,0
931.15,0
931.2,0
931.25,0
931.3,0
931.35,0
931.4,0
931.45,0
931.5,0
931.55,0
931.6,0
931.65,0
931.7,0
931.75,0
931.8,0
931.85,0
931.9,0
931.95,0
932.0,0
932.05,0
932.1,0
932.15,0
932.2,0
932.25,0
932.3,0
932.35,0
932.4,0
932.45,0
932.5,0
932.55,0
932.6,0
932.65,0
932.7,0
932.75,0
932.8,0
932.85,0
932.9,0
932.95,0
933.0,0
933.05,0
933.1,0
933.15,0
933.2,0
933.25,0
933.3,0
933.35,0
933.4,0
933.45,0
933.5,0
933.55,0
933.6,0
933.65,0
933.7,0
933.75,0
933.8,0
933.85,0
933.9,0
933.95,0
934.0,0
934.05,0
934.1,0
934.15,0
934.2,0
934.25,0
934.3,0
934.35,0
934.4,0
934.45,0
934.5,0
934.55,0
934.6,0
934.65,0
934.7,0
934.75,0
934.8,0
934.85,0
934.9,0
934.95,0
935.0,0
935.05,0
935.1,0
935.15,0
935.2,0
935.25,0
935.3,0
935.35,0
935.4,0
935.45,0
935.5,0
935.55,0
935.6,0
935.65,0
935.7,0
935.75,0
935.8,0
935.85,0
935.9,0
935.95,0
936.0,0
936.05,0
936.1,0
936.15,0
936.2,0
936.25,0
936.3,0
936.35,0
936.4,0
936.45,0
936.5,0
936.55,0
936.6,0
936.65,0
936.7,0
936.75,0
936.8,0
936.85,0
936.9,0
936.95,0
937.0,0
937.05,0
937.1,0
937.15,0
937.2,0
937.25,0
937.3,0
937.35,0
937.4,0
937.45,0
937.5,0
937.55,0
937.6,0
937.65,1
937.7,1
937.75,1
937.8,1
937.85,1
937.9,1
937.95,1
938.0,1
938.05,1
938.1,1
938.15,1
938.2,1
938.25,0
938.3,0
938.35,0
938.4,0
938.45,0
938.5,0
938.55,0
938.6,0
938.65,0
938.7,0
938.75,0
938.8,0
938.85,0
938.9,0
938.95,0
939.0,0
939.05,0
939.1,0
939.15,0
939.2,0
939.25,0
939.3,0
939.35,0
939.4,0
939.45,0
939.5,0
939.55,0
939.6,0
939.65,0
939.7,0
939.75,0
939.8,0
939.85,0
939.9,0
939.95,0
940.0,0
940.05,0
940.1,0
940.15,0
940.2,0
940.25,0
940.3,0
940.35,0
940.4,0
940.45,1
940.5,1
940.55,1
940.6,1
940.65,1
940.7,1
940.75,1
940.8,1
940.85,1
940.9,1
940.95,1
941.0,1
941.05,1
941.1,0
941.15,0
941.2,0
941.25,0
941.3,0
941.35,0
941.4,0
941.45,0
941.5,0
941.55,2
941.6,2
941.65,2
941.7,2
941.75,2
941.8,2
941.85,2
941.9,2
941.95,2
942.0,2
942.05,2
942.1,2
942.15,2
942.2,2
942.25,2
942.3,2
942.35,2
942.4,2
942.45,2
942.5,2
942.55,2
942.6,2
942.65,2
942.7,2
942.75,2
942.8,2
942.85,2
942.9,2
942.95,2
943.0,2
943.05,2
943.1,2
943.15,2
943.2,2
943.25,2
943.3,2
943.35,2
943.4,2
943.45,2
943.5,2
943.55,2
943.6,2
943.65,2
943.7,2
943.75,2
943.8,2
943.85,2
943.9,2
943.95,2
944.0,2
944.05,2
944.1,2
944.15,2
944.2,2
944.25,2
944.3,2
944.35,2
944.4,2
944.45,2
944.5,2
944.55,2
944.6,2
944.65,2
944.7,2
944.75,2
944.8,2
944.85,2
944.9,2
944.95,2
945.0,2
945.05,2
945.1,2
945.15,2
945.2,2
945.25,2
945.3,2
945.35,2
945.4,2
945.45,2
945.5,2
945.55,2
945.6,2
945.65,2
945.7,2
945.75,2
945.8,2
945.85,2
945.9,2
945.95,2
946.0,2
946.05,2
946.1,2
946.15,2
946.2,2
946.25,2
946.3,2
946.35,2
946.4,2
946.45,2
946.5,2
946.55,2
946.6,2
946.65,2
946.7,2
946.75,2
946.8,2
946.85,2
946.9,2
946.95,2
947.0,2
947.05,2
947.1,2
947.15,2
947.2,2
947.25,2
947.3,2
947.35,2
947.4,2
947.45,2
947.5,2
947.55,2
947.6,1
947.65,1
947.7,1
947.75,1
947.8,1
947.85,1
947.9,1
947.95,1
948.0,1
948.05,1
948.1,1
948.15,1
948.2,1
948.25,1
948.3,1
948.35,1
948.4,1
948.45,1
948.5,1
948.55,1
948.6,1
948.65,1
948.7,0
948.75,0
948.8,0
948.85,0
948.9,0
948.95,0
949.0,0
949.05,2
949.1,2
949.15,2
949.2,2
949.25,2
949.3,2
949.35,2
949.4,2
949.45,2
949.5,2
949.55,2
949.6,2
949.65,2
949.7,2
949.75,2
949.8,2
949.85,2
949.9,2
949.95,2
950.0,2
950.05,2
950.1,2
950.15,2
950.2,2
950.25,2
950.3,2
950.35,2
950.4,0
950.45,0
950.5,0
950.55,0
950.6,0
950.65,0
950.7,0
950.75,0
950.8,0
950.85,0
950.9,0
950.95,0
